0.0000
0.0000
0.0000
0.0000
0.0000
0.0000
0.0000
0.0000
0.0000
0.0000
0.0000
0.0000
0.0000
0.0000
0.0000
0.0000
0.0000
0.0000
0.0000
0.0000
0.0000
0.0000
0.0000
0.0000
0.0000
0.0000
0.0000
0.0000
0.0000
0.0000
0.0000
0.0000
0.0000
0.0000
0.0000
0.0000
0.0000
0.0000
0.0000
0.0000
0.0000
-5.0912
-7.0993
-8.4853
-9.5247
-10.3230
-10.9330
-11.3840
-11.6960
-11.8790
-11.9400
-11.8790
-11.6960
-11.3840
-10.9330
-10.3230
-9.5247
-8.4853
-7.0993
-5.0912
0.0000
0.0000
0.0000
0.0000
0.0000
0.0000
0.0000
0.0000
0.0000
0.0000
0.0000
0.0000
0.0000
0.0000
0.0000
0.0000
0.0000
0.0000
0.0000
0.0000
0.0000
0.0000
0.0000
0.0000
0.0000
0.0000
0.0000
0.0000
0.0000
0.0000
0.0000
0.0000
0.0000
0.0000
0.0000
0.0000
0.0000
0.0000
0.0000
0.0000
0.0000
0.0000
0.0000
0.0000
0.0000
0.0000
0.0000
0.0000
0.0000
0.0000
0.0000
0.0000
0.0000
0.0000
0.0000
0.0000
0.0000
0.0000
0.0000
0.0000
0.0000
0.0000
0.0000
0.0000
0.0000
0.0000
0.0000
0.0000
0.0000
0.0000
0.0000
0.0000
0.0000
0.0000
0.0000
0.0000
-0.0000
-6.2354
-8.6533
-10.3920
-11.7580
-12.8690
-13.7870
-14.5490
-15.1790
-15.6920
-16.1000
-16.4100
-16.6280
-16.7570
-16.8000
-16.7570
-16.6280
-16.4100
-16.1000
-15.6920
-15.1790
-14.5490
-13.7870
-12.8690
-11.7580
-10.3920
-8.6533
-6.2354
-0.0000
0.0000
0.0000
0.0000
0.0000
0.0000
0.0000
0.0000
0.0000
0.0000
0.0000
0.0000
0.0000
0.0000
0.0000
0.0000
0.0000
0.0000
0.0000
0.0000
0.0000
0.0000
0.0000
0.0000
0.0000
0.0000
0.0000
0.0000
0.0000
0.0000
0.0000
0.0000
0.0000
0.0000
0.0000
0.0000
0.0000
0.0000
0.0000
0.0000
0.0000
0.0000
0.0000
0.0000
0.0000
0.0000
0.0000
0.0000
0.0000
0.0000
0.0000
0.0000
0.0000
0.0000
0.0000
0.0000
0.0000
0.0000
0.0000
0.0000
0.0000
0.0000
0.0000
0.0000
0.0000
0.0000
0.0000
0.0000
0.0000
-1.6971
-7.0993
-9.7488
-11.6960
-13.2540
-14.5490
-15.6460
-16.5840
-17.3900
-18.0800
-18.6680
-19.1620
-19.5710
-19.9000
-20.1510
-20.3290
-20.4350
-20.4700
-20.4350
-20.3290
-20.1510
-19.9000
-19.5710
-19.1620
-18.6680
-18.0800
-17.3900
-16.5840
-15.6460
-14.5490
-13.2540
-11.6960
-9.7488
-7.0993
-1.6971
0.0000
0.0000
0.0000
0.0000
0.0000
0.0000
0.0000
0.0000
0.0000
0.0000
0.0000
0.0000
0.0000
0.0000
0.0000
0.0000
0.0000
0.0000
0.0000
0.0000
0.0000
0.0000
0.0000
0.0000
0.0000
0.0000
0.0000
0.0000
0.0000
0.0000
0.0000
0.0000
0.0000
0.0000
0.0000
0.0000
0.0000
0.0000
0.0000
0.0000
0.0000
0.0000
0.0000
0.0000
0.0000
0.0000
0.0000
0.0000
0.0000
0.0000
0.0000
0.0000
0.0000
0.0000
0.0000
0.0000
0.0000
0.0000
0.0000
0.0000
0.0000
0.0000
0.0000
-5.7550
-9.2952
-11.6960
-13.5760
-15.1310
-16.4540
-17.5950
-18.5900
-19.4610
-20.2230
-20.8880
-21.4660
-21.9640
-22.3860
-22.7370
-23.0200
-23.2380
-23.3920
-23.4840
-23.5150
-23.4840
-23.3920
-23.2380
-23.0200
-22.7370
-22.3860
-21.9640
-21.4660
-20.8880
-20.2230
-19.4610
-18.5900
-17.5950
-16.4540
-15.1310
-13.5760
-11.6960
-9.2952
-5.7550
0.0000
0.0000
0.0000
0.0000
0.0000
0.0000
0.0000
0.0000
0.0000
0.0000
0.0000
0.0000
0.0000
0.0000
0.0000
0.0000
0.0000
0.0000
0.0000
0.0000
0.0000
0.0000
0.0000
0.0000
0.0000
0.0000
0.0000
0.0000
0.0000
0.0000
0.0000
0.0000
0.0000
0.0000
0.0000
0.0000
0.0000
0.0000
0.0000
0.0000
0.0000
0.0000
0.0000
0.0000
0.0000
0.0000
0.0000
0.0000
0.0000
0.0000
0.0000
0.0000
0.0000
0.0000
0.0000
0.0000
0.0000
0.0000
0.0000
-6.9971
-10.3920
-12.8120
-14.7460
-16.3660
-17.7580
-18.9740
-20.0440
-20.9910
-21.8320
-22.5780
-23.2380
-23.8190
-24.3280
-24.7680
-25.1430
-25.4560
-25.7090
-25.9040
-26.0430
-26.1260
-26.1530
-26.1260
-26.0430
-25.9040
-25.7090
-25.4560
-25.1430
-24.7680
-24.3280
-23.8190
-23.2380
-22.5780
-21.8320
-20.9910
-20.0440
-18.9740
-17.7580
-16.3660
-14.7460
-12.8120
-10.3920
-6.9971
0.0000
0.0000
0.0000
0.0000
0.0000
0.0000
0.0000
0.0000
0.0000
0.0000
0.0000
0.0000
0.0000
0.0000
0.0000
0.0000
0.0000
0.0000
0.0000
0.0000
0.0000
0.0000
0.0000
0.0000
0.0000
0.0000
0.0000
0.0000
0.0000
0.0000
0.0000
0.0000
0.0000
0.0000
0.0000
0.0000
0.0000
0.0000
0.0000
0.0000
0.0000
0.0000
0.0000
0.0000
0.0000
0.0000
0.0000
0.0000
0.0000
0.0000
0.0000
0.0000
0.0000
0.0000
0.0000
-7.0993
-10.7330
-13.3090
-15.3670
-17.0970
-18.5900
-19.9000
-21.0600
-22.0940
-23.0200
-23.8500
-24.5930
-25.2570
-25.8490
-26.3730
-26.8330
-27.2320
-27.5740
-27.8600
-28.0910
-28.2700
-28.3970
-28.4730
-28.4980
-28.4730
-28.3970
-28.2700
-28.0910
-27.8600
-27.5740
-27.2320
-26.8330
-26.3730
-25.8490
-25.2570
-24.5930
-23.8500
-23.0200
-22.0940
-21.0600
-19.9000
-18.5900
-17.0970
-15.3670
-13.3090
-10.7330
-7.0993
0.0000
0.0000
0.0000
0.0000
0.0000
0.0000
0.0000
0.0000
0.0000
0.0000
0.0000
0.0000
0.0000
0.0000
0.0000
0.0000
0.0000
0.0000
0.0000
0.0000
0.0000
0.0000
0.0000
0.0000
0.0000
0.0000
0.0000
0.0000
0.0000
0.0000
0.0000
0.0000
0.0000
0.0000
0.0000
0.0000
0.0000
0.0000
0.0000
0.0000
0.0000
0.0000
0.0000
0.0000
0.0000
0.0000
0.0000
0.0000
0.0000
0.0000
0.0000
-6.1188
-10.3920
-13.2540
-15.5070
-17.3900
-19.0120
-20.4350
-21.7000
-22.8320
-23.8500
-24.7680
-25.5970
-26.3450
-27.0200
-27.6260
-28.1680
-28.6500
-29.0740
-29.4430
-29.7590
-30.0240
-30.2390
-30.4050
-30.5230
-30.5940
-30.6180
-30.5940
-30.5230
-30.4050
-30.2390
-30.0240
-29.7590
-29.4430
-29.0740
-28.6500
-28.1680
-27.6260
-27.0200
-26.3450
-25.5970
-24.7680
-23.8500
-22.8320
-21.7000
-20.4350
-19.0120
-17.3900
-15.5070
-13.2540
-10.3920
-6.1188
0.0000
0.0000
0.0000
0.0000
0.0000
0.0000
0.0000
0.0000
0.0000
0.0000
0.0000
0.0000
0.0000
0.0000
0.0000
0.0000
0.0000
0.0000
0.0000
0.0000
0.0000
0.0000
0.0000
0.0000
0.0000
0.0000
0.0000
0.0000
0.0000
0.0000
0.0000
0.0000
0.0000
0.0000
0.0000
0.0000
0.0000
0.0000
0.0000
0.0000
0.0000
0.0000
0.0000
0.0000
0.0000
0.0000
0.0000
-3.1749
-9.2952
-12.6430
-15.1790
-17.2650
-19.0490
-20.6110
-21.9960
-23.2380
-24.3570
-25.3710
-26.2910
-27.1260
-27.8850
-28.5740
-29.1970
-29.7590
-30.2630
-30.7120
-31.1080
-31.4530
-31.7490
-31.9970
-32.1990
-32.3560
-32.4670
-32.5330
-32.5550
-32.5330
-32.4670
-32.3560
-32.1990
-31.9970
-31.7490
-31.4530
-31.1080
-30.7120
-30.2630
-29.7590
-29.1970
-28.5740
-27.8850
-27.1260
-26.2910
-25.3710
-24.3570
-23.2380
-21.9960
-20.6110
-19.0490
-17.2650
-15.1790
-12.6430
-9.2952
-3.1749
0.0000
0.0000
0.0000
0.0000
0.0000
0.0000
0.0000
0.0000
0.0000
0.0000
0.0000
0.0000
0.0000
0.0000
0.0000
0.0000
0.0000
0.0000
0.0000
0.0000
0.0000
0.0000
0.0000
0.0000
0.0000
0.0000
0.0000
0.0000
0.0000
0.0000
0.0000
0.0000
0.0000
0.0000
0.0000
0.0000
0.0000
0.0000
0.0000
0.0000
0.0000
0.0000
0.0000
0.0000
-7.0993
-11.3840
-14.3500
-16.7140
-18.7060
-20.4350
-21.9640
-23.3310
-24.5630
-25.6810
-26.6980
-27.6260
-28.4730
-29.2470
-29.9520
-30.5940
-31.1770
-31.7040
-32.1770
-32.5990
-32.9730
-33.2990
-33.5790
-33.8140
-34.0050
-34.1530
-34.2580
-34.3210
-34.3420
-34.3210
-34.2580
-34.1530
-34.0050
-33.8140
-33.5790
-33.2990
-32.9730
-32.5990
-32.1770
-31.7040
-31.1770
-30.5940
-29.9520
-29.2470
-28.4730
-27.6260
-26.6980
-25.6810
-24.5630
-23.3310
-21.9640
-20.4350
-18.7060
-16.7140
-14.3500
-11.3840
-7.0993
0.0000
0.0000
0.0000
0.0000
0.0000
0.0000
0.0000
0.0000
0.0000
0.0000
0.0000
0.0000
0.0000
0.0000
0.0000
0.0000
0.0000
0.0000
0.0000
0.0000
0.0000
0.0000
0.0000
0.0000
0.0000
0.0000
0.0000
0.0000
0.0000
0.0000
0.0000
0.0000
0.0000
0.0000
0.0000
0.0000
0.0000
0.0000
0.0000
0.0000
0.0000
-0.0000
-9.2174
-12.9240
-15.6920
-17.9600
-19.9000
-21.6000
-23.1140
-24.4750
-25.7090
-26.8330
-27.8600
-28.8000
-29.6620
-30.4530
-31.1770
-31.8400
-32.4440
-32.9950
-33.4930
-33.9410
-34.3420
-34.6960
-35.0060
-35.2730
-35.4960
-35.6790
-35.8200
-35.9200
-35.9800
-36.0000
-35.9800
-35.9200
-35.8200
-35.6790
-35.4960
-35.2730
-35.0060
-34.6960
-34.3420
-33.9410
-33.4930
-32.9950
-32.4440
-31.8400
-31.1770
-30.4530
-29.6620
-28.8000
-27.8600
-26.8330
-25.7090
-24.4750
-23.1140
-21.6000
-19.9000
-17.9600
-15.6920
-12.9240
-9.2174
-0.0000
0.0000
0.0000
0.0000
0.0000
0.0000
0.0000
0.0000
0.0000
0.0000
0.0000
0.0000
0.0000
0.0000
0.0000
0.0000
0.0000
0.0000
0.0000
0.0000
0.0000
0.0000
0.0000
0.0000
0.0000
0.0000
0.0000
0.0000
0.0000
0.0000
0.0000
0.0000
0.0000
0.0000
0.0000
0.0000
0.0000
0.0000
0.0000
-5.0912
-10.6660
-14.0970
-16.7570
-18.9740
-20.8880
-22.5780
-24.0900
-25.4560
-26.6980
-27.8340
-28.8750
-29.8320
-30.7120
-31.5210
-32.2660
-32.9510
-33.5790
-34.1530
-34.6760
-35.1500
-35.5780
-35.9600
-36.2990
-36.5950
-36.8500
-37.0640
-37.2390
-37.3740
-37.4700
-37.5280
-37.5470
-37.5280
-37.4700
-37.3740
-37.2390
-37.0640
-36.8500
-36.5950
-36.2990
-35.9600
-35.5780
-35.1500
-34.6760
-34.1530
-33.5790
-32.9510
-32.2660
-31.5210
-30.7120
-29.8320
-28.8750
-27.8340
-26.6980
-25.4560
-24.0900
-22.5780
-20.8880
-18.9740
-16.7570
-14.0970
-10.6660
-5.0912
0.0000
0.0000
0.0000
0.0000
0.0000
0.0000
0.0000
0.0000
0.0000
0.0000
0.0000
0.0000
0.0000
0.0000
0.0000
0.0000
0.0000
0.0000
0.0000
0.0000
0.0000
0.0000
0.0000
0.0000
0.0000
0.0000
0.0000
0.0000
0.0000
0.0000
0.0000
0.0000
0.0000
0.0000
0.0000
0.0000
-6.7882
-11.6960
-14.9880
-17.5950
-19.7910
-21.7000
-23.3920
-24.9130
-26.2910
-27.5480
-28.7000
-29.7590
-30.7350
-31.6350
-32.4670
-33.2340
-33.9410
-34.5920
-35.1910
-35.7390
-36.2390
-36.6930
-37.1030
-37.4700
-37.7950
-38.0800
-38.3250
-38.5310
-38.6990
-38.8290
-38.9210
-38.9770
-38.9950
-38.9770
-38.9210
-38.8290
-38.6990
-38.5310
-38.3250
-38.0800
-37.7950
-37.4700
-37.1030
-36.6930
-36.2390
-35.7390
-35.1910
-34.5920
-33.9410
-33.2340
-32.4670
-31.6350
-30.7350
-29.7590
-28.7000
-27.5480
-26.2910
-24.9130
-23.3920
-21.7000
-19.7910
-17.5950
-14.9880
-11.6960
-6.7882
0.0000
0.0000
0.0000
0.0000
0.0000
0.0000
0.0000
0.0000
0.0000
0.0000
0.0000
0.0000
0.0000
0.0000
0.0000
0.0000
0.0000
0.0000
0.0000
0.0000
0.0000
0.0000
0.0000
0.0000
0.0000
0.0000
0.0000
0.0000
0.0000
0.0000
0.0000
0.0000
0.0000
0.0000
-7.7769
-12.4130
-15.6460
-18.2380
-20.4350
-22.3540
-24.0600
-25.5970
-26.9930
-28.2700
-29.4430
-30.5230
-31.5210
-32.4440
-33.2990
-34.0890
-34.8210
-35.4960
-36.1200
-36.6930
-37.2190
-37.7000
-38.1370
-38.5310
-38.8840
-39.1980
-39.4730
-39.7090
-39.9080
-40.0700
-40.1960
-40.2850
-40.3390
-40.3560
-40.3390
-40.2850
-40.1960
-40.0700
-39.9080
-39.7090
-39.4730
-39.1980
-38.8840
-38.5310
-38.1370
-37.7000
-37.2190
-36.6930
-36.1200
-35.4960
-34.8210
-34.0890
-33.2990
-32.4440
-31.5210
-30.5230
-29.4430
-28.2700
-26.9930
-25.5970
-24.0600
-22.3540
-20.4350
-18.2380
-15.6460
-12.4130
-7.7769
0.0000
0.0000
0.0000
0.0000
0.0000
0.0000
0.0000
0.0000
0.0000
0.0000
0.0000
0.0000
0.0000
0.0000
0.0000
0.0000
0.0000
0.0000
0.0000
0.0000
0.0000
0.0000
0.0000
0.0000
0.0000
0.0000
0.0000
0.0000
0.0000
0.0000
0.0000
0.0000
-8.3138
-12.8690
-16.1000
-18.7060
-20.9230
-22.8630
-24.5930
-26.1530
-27.5740
-28.8750
-30.0720
-31.1770
-32.1990
-33.1470
-34.0260
-34.8410
-35.5980
-36.2990
-36.9480
-37.5470
-38.0990
-38.6060
-39.0690
-39.4910
-39.8720
-40.2130
-40.5170
-40.7820
-41.0110
-41.2040
-41.3610
-41.4830
-41.5690
-41.6210
-41.6380
-41.6210
-41.5690
-41.4830
-41.3610
-41.2040
-41.0110
-40.7820
-40.5170
-40.2130
-39.8720
-39.4910
-39.0690
-38.6060
-38.0990
-37.5470
-36.9480
-36.2990
-35.5980
-34.8410
-34.0260
-33.1470
-32.1990
-31.1770
-30.0720
-28.8750
-27.5740
-26.1530
-24.5930
-22.8630
-20.9230
-18.7060
-16.1000
-12.8690
-8.3138
0.0000
0.0000
0.0000
0.0000
0.0000
0.0000
0.0000
0.0000
0.0000
0.0000
0.0000
0.0000
0.0000
0.0000
0.0000
0.0000
0.0000
0.0000
0.0000
0.0000
0.0000
0.0000
0.0000
0.0000
0.0000
0.0000
0.0000
0.0000
0.0000
0.0000
-8.4853
-13.0900
-16.3660
-19.0120
-21.2640
-23.2380
-24.9990
-26.5900
-28.0400
-29.3690
-30.5940
-31.7260
-32.7760
-33.7500
-34.6550
-35.4960
-36.2790
-37.0060
-37.6810
-38.3060
-38.8840
-39.4180
-39.9080
-40.3560
-40.7650
-41.1340
-41.4650
-41.7590
-42.0170
-42.2390
-42.4260
-42.5790
-42.6970
-42.7810
-42.8320
-42.8490
-42.8320
-42.7810
-42.6970
-42.5790
-42.4260
-42.2390
-42.0170
-41.7590
-41.4650
-41.1340
-40.7650
-40.3560
-39.9080
-39.4180
-38.8840
-38.3060
-37.6810
-37.0060
-36.2790
-35.4960
-34.6550
-33.7500
-32.7760
-31.7260
-30.5940
-29.3690
-28.0400
-26.5900
-24.9990
-23.2380
-21.2640
-19.0120
-16.3660
-13.0900
-8.4853
0.0000
0.0000
0.0000
0.0000
0.0000
0.0000
0.0000
0.0000
0.0000
0.0000
0.0000
0.0000
0.0000
0.0000
0.0000
0.0000
0.0000
0.0000
0.0000
0.0000
0.0000
0.0000
0.0000
0.0000
0.0000
0.0000
0.0000
0.0000
-8.3138
-13.0900
-16.4540
-19.1620
-21.4660
-23.4840
-25.2860
-26.9130
-28.3970
-29.7590
-31.0150
-32.1770
-33.2550
-34.2580
-35.1910
-36.0600
-36.8690
-37.6230
-38.3250
-38.9770
-39.5820
-40.1420
-40.6590
-41.1340
-41.5690
-41.9660
-42.3240
-42.6460
-42.9330
-43.1830
-43.4000
-43.5820
-43.7300
-43.8450
-43.9270
-43.9760
-43.9930
-43.9760
-43.9270
-43.8450
-43.7300
-43.5820
-43.4000
-43.1830
-42.9330
-42.6460
-42.3240
-41.9660
-41.5690
-41.1340
-40.6590
-40.1420
-39.5820
-38.9770
-38.3250
-37.6230
-36.8690
-36.0600
-35.1910
-34.2580
-33.2550
-32.1770
-31.0150
-29.7590
-28.3970
-26.9130
-25.2860
-23.4840
-21.4660
-19.1620
-16.4540
-13.0900
-8.3138
0.0000
0.0000
0.0000
0.0000
0.0000
0.0000
0.0000
0.0000
0.0000
0.0000
0.0000
0.0000
0.0000
0.0000
0.0000
0.0000
0.0000
0.0000
0.0000
0.0000
0.0000
0.0000
0.0000
0.0000
0.0000
0.0000
-7.7769
-12.8690
-16.3660
-19.1620
-21.5330
-23.6070
-25.4560
-27.1260
-28.6500
-30.0480
-31.3380
-32.5330
-33.6430
-34.6760
-35.6380
-36.5360
-37.3740
-38.1550
-38.8840
-39.5640
-40.1960
-40.7820
-41.3260
-41.8280
-42.2900
-42.7140
-43.1000
-43.4490
-43.7630
-44.0420
-44.2860
-44.4970
-44.6750
-44.8200
-44.9320
-45.0120
-45.0600
-45.0760
-45.0600
-45.0120
-44.9320
-44.8200
-44.6750
-44.4970
-44.2860
-44.0420
-43.7630
-43.4490
-43.1000
-42.7140
-42.2900
-41.8280
-41.3260
-40.7820
-40.1960
-39.5640
-38.8840
-38.1550
-37.3740
-36.5360
-35.6380
-34.6760
-33.6430
-32.5330
-31.3380
-30.0480
-28.6500
-27.1260
-25.4560
-23.6070
-21.5330
-19.1620
-16.3660
-12.8690
-7.7769
0.0000
0.0000
0.0000
0.0000
0.0000
0.0000
0.0000
0.0000
0.0000
0.0000
0.0000
0.0000
0.0000
0.0000
0.0000
0.0000
0.0000
0.0000
0.0000
0.0000
0.0000
0.0000
0.0000
0.0000
-6.7882
-12.4130
-16.1000
-19.0120
-21.4660
-23.6070
-25.5120
-27.2320
-28.8000
-30.2390
-31.5670
-32.7980
-33.9410
-35.0060
-36.0000
-36.9280
-37.7950
-38.6060
-39.3630
-40.0700
-40.7290
-41.3430
-41.9140
-42.4430
-42.9330
-43.3830
-43.7960
-44.1720
-44.5130
-44.8200
-45.0920
-45.3310
-45.5370
-45.7100
-45.8520
-45.9620
-46.0400
-46.0870
-46.1020
-46.0870
-46.0400
-45.9620
-45.8520
-45.7100
-45.5370
-45.3310
-45.0920
-44.8200
-44.5130
-44.1720
-43.7960
-43.3830
-42.9330
-42.4430
-41.9140
-41.3430
-40.7290
-40.0700
-39.3630
-38.6060
-37.7950
-36.9280
-36.0000
-35.0060
-33.9410
-32.7980
-31.5670
-30.2390
-28.8000
-27.2320
-25.5120
-23.6070
-21.4660
-19.0120
-16.1000
-12.4130
-6.7882
0.0000
0.0000
0.0000
0.0000
0.0000
0.0000
0.0000
0.0000
0.0000
0.0000
0.0000
0.0000
0.0000
0.0000
0.0000
0.0000
0.0000
0.0000
0.0000
0.0000
0.0000
0.0000
-5.0912
-11.6960
-15.6460
-18.7060
-21.2640
-23.4840
-25.4560
-27.2320
-28.8500
-30.3340
-31.7040
-32.9730
-34.1530
-35.2520
-36.2790
-37.2390
-38.1370
-38.9770
-39.7630
-40.4990
-41.1860
-41.8280
-42.4260
-42.9830
-43.4990
-43.9760
-44.4160
-44.8200
-45.1880
-45.5210
-45.8210
-46.0870
-46.3210
-46.5220
-46.6920
-46.8310
-46.9380
-47.0150
-47.0610
-47.0760
-47.0610
-47.0150
-46.9380
-46.8310
-46.6920
-46.5220
-46.3210
-46.0870
-45.8210
-45.5210
-45.1880
-44.8200
-44.4160
-43.9760
-43.4990
-42.9830
-42.4260
-41.8280
-41.1860
-40.4990
-39.7630
-38.9770
-38.1370
-37.2390
-36.2790
-35.2520
-34.1530
-32.9730
-31.7040
-30.3340
-28.8500
-27.2320
-25.4560
-23.4840
-21.2640
-18.7060
-15.6460
-11.6960
-5.0912
0.0000
0.0000
0.0000
0.0000
0.0000
0.0000
0.0000
0.0000
0.0000
0.0000
0.0000
0.0000
0.0000
0.0000
0.0000
0.0000
0.0000
0.0000
0.0000
0.0000
-0.0000
-10.6660
-14.9880
-18.2380
-20.9230
-23.2380
-25.2860
-27.1260
-28.8000
-30.3340
-31.7490
-33.0600
-34.2790
-35.4150
-36.4770
-37.4700
-38.4000
-39.2710
-40.0880
-40.8530
-41.5690
-42.2390
-42.8650
-43.4490
-43.9930
-44.4970
-44.9640
-45.3940
-45.7890
-46.1490
-46.4760
-46.7690
-47.0300
-47.2590
-47.4570
-47.6240
-47.7590
-47.8650
-47.9400
-47.9850
-48.0000
-47.9850
-47.9400
-47.8650
-47.7590
-47.6240
-47.4570
-47.2590
-47.0300
-46.7690
-46.4760
-46.1490
-45.7890
-45.3940
-44.9640
-44.4970
-43.9930
-43.4490
-42.8650
-42.2390
-41.5690
-40.8530
-40.0880
-39.2710
-38.4000
-37.4700
-36.4770
-35.4150
-34.2790
-33.0600
-31.7490
-30.3340
-28.8000
-27.1260
-25.2860
-23.2380
-20.9230
-18.2380
-14.9880
-10.6660
-0.0000
0.0000
0.0000
0.0000
0.0000
0.0000
0.0000
0.0000
0.0000
0.0000
0.0000
0.0000
0.0000
0.0000
0.0000
0.0000
0.0000
0.0000
0.0000
0.0000
-9.2174
-14.0970
-17.5950
-20.4350
-22.8630
-24.9990
-26.9130
-28.6500
-30.2390
-31.7040
-33.0600
-34.3210
-35.4960
-36.5950
-37.6230
-38.5870
-39.4910
-40.3390
-41.1340
-41.8800
-42.5790
-43.2330
-43.8450
-44.4160
-44.9480
-45.4420
-45.8990
-46.3210
-46.7080
-47.0610
-47.3810
-47.6690
-47.9250
-48.1500
-48.3440
-48.5070
-48.6410
-48.7440
-48.8180
-48.8620
-48.8770
-48.8620
-48.8180
-48.7440
-48.6410
-48.5070
-48.3440
-48.1500
-47.9250
-47.6690
-47.3810
-47.0610
-46.7080
-46.3210
-45.8990
-45.4420
-44.9480
-44.4160
-43.8450
-43.2330
-42.5790
-41.8800
-41.1340
-40.3390
-39.4910
-38.5870
-37.6230
-36.5950
-35.4960
-34.3210
-33.0600
-31.7040
-30.2390
-28.6500
-26.9130
-24.9990
-22.8630
-20.4350
-17.5950
-14.0970
-9.2174
0.0000
0.0000
0.0000
0.0000
0.0000
0.0000
0.0000
0.0000
0.0000
0.0000
0.0000
0.0000
0.0000
0.0000
0.0000
0.0000
0.0000
0.0000
-7.0993
-12.9240
-16.7570
-19.7910
-22.3540
-24.5930
-26.5900
-28.3970
-30.0480
-31.5670
-32.9730
-34.2790
-35.4960
-36.6340
-37.7000
-38.6990
-39.6360
-40.5170
-41.3430
-42.1200
-42.8490
-43.5320
-44.1720
-44.7710
-45.3310
-45.8520
-46.3360
-46.7850
-47.1980
-47.5780
-47.9250
-48.2390
-48.5220
-48.7740
-48.9950
-49.1850
-49.3460
-49.4770
-49.5790
-49.6520
-49.6950
-49.7100
-49.6950
-49.6520
-49.5790
-49.4770
-49.3460
-49.1850
-48.9950
-48.7740
-48.5220
-48.2390
-47.9250
-47.5780
-47.1980
-46.7850
-46.3360
-45.8520
-45.3310
-44.7710
-44.1720
-43.5320
-42.8490
-42.1200
-41.3430
-40.5170
-39.6360
-38.6990
-37.7000
-36.6340
-35.4960
-34.2790
-32.9730
-31.5670
-30.0480
-28.3970
-26.5900
-24.5930
-22.3540
-19.7910
-16.7570
-12.9240
-7.0993
0.0000
0.0000
0.0000
0.0000
0.0000
0.0000
0.0000
0.0000
0.0000
0.0000
0.0000
0.0000
0.0000
0.0000
0.0000
0.0000
-3.1749
-11.3840
-15.6920
-18.9740
-21.7000
-24.0600
-26.1530
-28.0400
-29.7590
-31.3380
-32.7980
-34.1530
-35.4150
-36.5950
-37.7000
-38.7360
-39.7090
-40.6230
-41.4830
-42.2900
-43.0500
-43.7630
-44.4320
-45.0600
-45.6470
-46.1960
-46.7080
-47.1830
-47.6240
-48.0300
-48.4030
-48.7440
-49.0530
-49.3320
-49.5790
-49.7960
-49.9840
-50.1420
-50.2710
-50.3710
-50.4430
-50.4860
-50.5000
-50.4860
-50.4430
-50.3710
-50.2710
-50.1420
-49.9840
-49.7960
-49.5790
-49.3320
-49.0530
-48.7440
-48.4030
-48.0300
-47.6240
-47.1830
-46.7080
-46.1960
-45.6470
-45.0600
-44.4320
-43.7630
-43.0500
-42.2900
-41.4830
-40.6230
-39.7090
-38.7360
-37.7000
-36.5950
-35.4150
-34.1530
-32.7980
-31.3380
-29.7590
-28.0400
-26.1530
-24.0600
-21.7000
-18.9740
-15.6920
-11.3840
-3.1749
0.0000
0.0000
0.0000
0.0000
0.0000
0.0000
0.0000
0.0000
0.0000
0.0000
0.0000
0.0000
0.0000
0.0000
0.0000
-9.2952
-14.3500
-17.9600
-20.8880
-23.3920
-25.5970
-27.5740
-29.3690
-31.0150
-32.5330
-33.9410
-35.2520
-36.4770
-37.6230
-38.6990
-39.7090
-40.6590
-41.5520
-42.3920
-43.1830
-43.9270
-44.6260
-45.2830
-45.8990
-46.4760
-47.0150
-47.5180
-47.9850
-48.4180
-48.8180
-49.1850
-49.5210
-49.8250
-50.0990
-50.3430
-50.5570
-50.7420
-50.8980
-51.0250
-51.1230
-51.1940
-51.2360
-51.2500
-51.2360
-51.1940
-51.1230
-51.0250
-50.8980
-50.7420
-50.5570
-50.3430
-50.0990
-49.8250
-49.5210
-49.1850
-48.8180
-48.4180
-47.9850
-47.5180
-47.0150
-46.4760
-45.8990
-45.2830
-44.6260
-43.9270
-43.1830
-42.3920
-41.5520
-40.6590
-39.7090
-38.6990
-37.6230
-36.4770
-35.2520
-33.9410
-32.5330
-31.0150
-29.3690
-27.5740
-25.5970
-23.3920
-20.8880
-17.9600
-14.3500
-9.2952
0.0000
0.0000
0.0000
0.0000
0.0000
0.0000
0.0000
0.0000
0.0000
0.0000
0.0000
0.0000
0.0000
0.0000
-6.1188
-12.6430
-16.7140
-19.9000
-22.5780
-24.9130
-26.9930
-28.8750
-30.5940
-32.1770
-33.6430
-35.0060
-36.2790
-37.4700
-38.5870
-39.6360
-40.6230
-41.5520
-42.4260
-43.2500
-44.0250
-44.7550
-45.4420
-46.0870
-46.6920
-47.2590
-47.7900
-48.2840
-48.7440
-49.1710
-49.5650
-49.9260
-50.2570
-50.5570
-50.8270
-51.0670
-51.2780
-51.4600
-51.6140
-51.7390
-51.8370
-51.9060
-51.9480
-51.9620
-51.9480
-51.9060
-51.8370
-51.7390
-51.6140
-51.4600
-51.2780
-51.0670
-50.8270
-50.5570
-50.2570
-49.9260
-49.5650
-49.1710
-48.7440
-48.2840
-47.7900
-47.2590
-46.6920
-46.0870
-45.4420
-44.7550
-44.0250
-43.2500
-42.4260
-41.5520
-40.6230
-39.6360
-38.5870
-37.4700
-36.2790
-35.0060
-33.6430
-32.1770
-30.5940
-28.8750
-26.9930
-24.9130
-22.5780
-19.9000
-16.7140
-12.6430
-6.1188
0.0000
0.0000
0.0000
0.0000
0.0000
0.0000
0.0000
0.0000
0.0000
0.0000
0.0000
0.0000
0.0000
-10.3920
-15.1790
-18.7060
-21.6000
-24.0900
-26.2910
-28.2700
-30.0720
-31.7260
-33.2550
-34.6760
-36.0000
-37.2390
-38.4000
-39.4910
-40.5170
-41.4830
-42.3920
-43.2500
-44.0580
-44.8200
-45.5370
-46.2120
-46.8460
-47.4420
-48.0000
-48.5220
-49.0090
-49.4630
-49.8830
-50.2710
-50.6280
-50.9540
-51.2500
-51.5160
-51.7530
-51.9620
-52.1410
-52.2930
-52.4170
-52.5130
-52.5810
-52.6220
-52.6360
-52.6220
-52.5810
-52.5130
-52.4170
-52.2930
-52.1410
-51.9620
-51.7530
-51.5160
-51.2500
-50.9540
-50.6280
-50.2710
-49.8830
-49.4630
-49.0090
-48.5220
-48.0000
-47.4420
-46.8460
-46.2120
-45.5370
-44.8200
-44.0580
-43.2500
-42.3920
-41.4830
-40.5170
-39.4910
-38.4000
-37.2390
-36.0000
-34.6760
-33.2550
-31.7260
-30.0720
-28.2700
-26.2910
-24.0900
-21.6000
-18.7060
-15.1790
-10.3920
0.0000
0.0000
0.0000
0.0000
0.0000
0.0000
0.0000
0.0000
0.0000
0.0000
0.0000
0.0000
-7.0993
-13.2540
-17.2650
-20.4350
-23.1140
-25.4560
-27.5480
-29.4430
-31.1770
-32.7760
-34.2580
-35.6380
-36.9280
-38.1370
-39.2710
-40.3390
-41.3430
-42.2900
-43.1830
-44.0250
-44.8200
-45.5680
-46.2740
-46.9380
-47.5630
-48.1500
-48.7000
-49.2150
-49.6950
-50.1420
-50.5570
-50.9400
-51.2920
-51.6140
-51.9060
-52.1690
-52.4030
-52.6090
-52.7860
-52.9360
-53.0580
-53.1530
-53.2210
-53.2620
-53.2750
-53.2620
-53.2210
-53.1530
-53.0580
-52.9360
-52.7860
-52.6090
-52.4030
-52.1690
-51.9060
-51.6140
-51.2920
-50.9400
-50.5570
-50.1420
-49.6950
-49.2150
-48.7000
-48.1500
-47.5630
-46.9380
-46.2740
-45.5680
-44.8200
-44.0250
-43.1830
-42.2900
-41.3430
-40.3390
-39.2710
-38.1370
-36.9280
-35.6380
-34.2580
-32.7760
-31.1770
-29.4430
-27.5480
-25.4560
-23.1140
-20.4350
-17.2650
-13.2540
-7.0993
0.0000
0.0000
0.0000
0.0000
0.0000
0.0000
0.0000
0.0000
0.0000
0.0000
0.0000
-10.7330
-15.5070
-19.0490
-21.9640
-24.4750
-26.6980
-28.7000
-30.5230
-32.1990
-33.7500
-35.1910
-36.5360
-37.7950
-38.9770
-40.0880
-41.1340
-42.1200
-43.0500
-43.9270
-44.7550
-45.5370
-46.2740
-46.9690
-47.6240
-48.2390
-48.8180
-49.3610
-49.8690
-50.3430
-50.7840
-51.1940
-51.5720
-51.9200
-52.2380
-52.5270
-52.7860
-53.0180
-53.2210
-53.3970
-53.5450
-53.6660
-53.7590
-53.8260
-53.8670
-53.8800
-53.8670
-53.8260
-53.7590
-53.6660
-53.5450
-53.3970
-53.2210
-53.0180
-52.7860
-52.5270
-52.2380
-51.9200
-51.5720
-51.1940
-50.7840
-50.3430
-49.8690
-49.3610
-48.8180
-48.2390
-47.6240
-46.9690
-46.2740
-45.5370
-44.7550
-43.9270
-43.0500
-42.1200
-41.1340
-40.0880
-38.9770
-37.7950
-36.5360
-35.1910
-33.7500
-32.1990
-30.5230
-28.7000
-26.6980
-24.4750
-21.9640
-19.0490
-15.5070
-10.7330
0.0000
0.0000
0.0000
0.0000
0.0000
0.0000
0.0000
0.0000
0.0000
0.0000
-6.9971
-13.3090
-17.3900
-20.6110
-23.3310
-25.7090
-27.8340
-29.7590
-31.5210
-33.1470
-34.6550
-36.0600
-37.3740
-38.6060
-39.7630
-40.8530
-41.8800
-42.8490
-43.7630
-44.6260
-45.4420
-46.2120
-46.9380
-47.6240
-48.2690
-48.8770
-49.4480
-49.9840
-50.4860
-50.9540
-51.3900
-51.7950
-52.1690
-52.5130
-52.8270
-53.1130
-53.3700
-53.5990
-53.8000
-53.9730
-54.1200
-54.2390
-54.3320
-54.3990
-54.4380
-54.4510
-54.4380
-54.3990
-54.3320
-54.2390
-54.1200
-53.9730
-53.8000
-53.5990
-53.3700
-53.1130
-52.8270
-52.5130
-52.1690
-51.7950
-51.3900
-50.9540
-50.4860
-49.9840
-49.4480
-48.8770
-48.2690
-47.6240
-46.9380
-46.2120
-45.4420
-44.6260
-43.7630
-42.8490
-41.8800
-40.8530
-39.7630
-38.6060
-37.3740
-36.0600
-34.6550
-33.1470
-31.5210
-29.7590
-27.8340
-25.7090
-23.3310
-20.6110
-17.3900
-13.3090
-6.9971
0.0000
0.0000
0.0000
0.0000
0.0000
0.0000
0.0000
0.0000
0.0000
-10.3920
-15.3670
-19.0120
-21.9960
-24.5630
-26.8330
-28.8750
-30.7350
-32.4440
-34.0260
-35.4960
-36.8690
-38.1550
-39.3630
-40.4990
-41.5690
-42.5790
-43.5320
-44.4320
-45.2830
-46.0870
-46.8460
-47.5630
-48.2390
-48.8770
-49.4770
-50.0420
-50.5710
-51.0670
-51.5300
-51.9620
-52.3620
-52.7320
-53.0720
-53.3830
-53.6660
-53.9200
-54.1460
-54.3460
-54.5180
-54.6630
-54.7810
-54.8730
-54.9390
-54.9780
-54.9910
-54.9780
-54.9390
-54.8730
-54.7810
-54.6630
-54.5180
-54.3460
-54.1460
-53.9200
-53.6660
-53.3830
-53.0720
-52.7320
-52.3620
-51.9620
-51.5300
-51.0670
-50.5710
-50.0420
-49.4770
-48.8770
-48.2390
-47.5630
-46.8460
-46.0870
-45.2830
-44.4320
-43.5320
-42.5790
-41.5690
-40.4990
-39.3630
-38.1550
-36.8690
-35.4960
-34.0260
-32.4440
-30.7350
-28.8750
-26.8330
-24.5630
-21.9960
-19.0120
-15.3670
-10.3920
0.0000
0.0000
0.0000
0.0000
0.0000
0.0000
0.0000
0.0000
-5.7550
-12.8120
-17.0970
-20.4350
-23.2380
-25.6810
-27.8600
-29.8320
-31.6350
-33.2990
-34.8410
-36.2790
-37.6230
-38.8840
-40.0700
-41.1860
-42.2390
-43.2330
-44.1720
-45.0600
-45.8990
-46.6920
-47.4420
-48.1500
-48.8180
-49.4480
-50.0420
-50.6000
-51.1230
-51.6140
-52.0720
-52.4990
-52.8950
-53.2620
-53.5990
-53.9070
-54.1860
-54.4380
-54.6630
-54.8600
-55.0300
-55.1740
-55.2910
-55.3820
-55.4470
-55.4860
-55.4990
-55.4860
-55.4470
-55.3820
-55.2910
-55.1740
-55.0300
-54.8600
-54.6630
-54.4380
-54.1860
-53.9070
-53.5990
-53.2620
-52.8950
-52.4990
-52.0720
-51.6140
-51.1230
-50.6000
-50.0420
-49.4480
-48.8180
-48.1500
-47.4420
-46.6920
-45.8990
-45.0600
-44.1720
-43.2330
-42.2390
-41.1860
-40.0700
-38.8840
-37.6230
-36.2790
-34.8410
-33.2990
-31.6350
-29.8320
-27.8600
-25.6810
-23.2380
-20.4350
-17.0970
-12.8120
-5.7550
0.0000
0.0000
0.0000
0.0000
0.0000
0.0000
0.0000
-9.2952
-14.7460
-18.5900
-21.7000
-24.3570
-26.6980
-28.8000
-30.7120
-32.4670
-34.0890
-35.5980
-37.0060
-38.3250
-39.5640
-40.7290
-41.8280
-42.8650
-43.8450
-44.7710
-45.6470
-46.4760
-47.2590
-48.0000
-48.7000
-49.3610
-49.9840
-50.5710
-51.1230
-51.6420
-52.1280
-52.5810
-53.0040
-53.3970
-53.7590
-54.0930
-54.3990
-54.6760
-54.9250
-55.1480
-55.3430
-55.5120
-55.6550
-55.7710
-55.8610
-55.9260
-55.9640
-55.9770
-55.9640
-55.9260
-55.8610
-55.7710
-55.6550
-55.5120
-55.3430
-55.1480
-54.9250
-54.6760
-54.3990
-54.0930
-53.7590
-53.3970
-53.0040
-52.5810
-52.1280
-51.6420
-51.1230
-50.5710
-49.9840
-49.3610
-48.7000
-48.0000
-47.2590
-46.4760
-45.6470
-44.7710
-43.8450
-42.8650
-41.8280
-40.7290
-39.5640
-38.3250
-37.0060
-35.5980
-34.0890
-32.4670
-30.7120
-28.8000
-26.6980
-24.3570
-21.7000
-18.5900
-14.7460
-9.2952
0.0000
0.0000
0.0000
0.0000
0.0000
0.0000
-1.6971
-11.6960
-16.3660
-19.9000
-22.8320
-25.3710
-27.6260
-29.6620
-31.5210
-33.2340
-34.8210
-36.2990
-37.6810
-38.9770
-40.1960
-41.3430
-42.4260
-43.4490
-44.4160
-45.3310
-46.1960
-47.0150
-47.7900
-48.5220
-49.2150
-49.8690
-50.4860
-51.0670
-51.6140
-52.1280
-52.6090
-53.0580
-53.4770
-53.8670
-54.2260
-54.5570
-54.8600
-55.1350
-55.3820
-55.6030
-55.7970
-55.9640
-56.1060
-56.2210
-56.3110
-56.3740
-56.4130
-56.4260
-56.4130
-56.3740
-56.3110
-56.2210
-56.1060
-55.9640
-55.7970
-55.6030
-55.3820
-55.1350
-54.8600
-54.5570
-54.2260
-53.8670
-53.4770
-53.0580
-52.6090
-52.1280
-51.6140
-51.0670
-50.4860
-49.8690
-49.2150
-48.5220
-47.7900
-47.0150
-46.1960
-45.3310
-44.4160
-43.4490
-42.4260
-41.3430
-40.1960
-38.9770
-37.6810
-36.2990
-34.8210
-33.2340
-31.5210
-29.6620
-27.6260
-25.3710
-22.8320
-19.9000
-16.3660
-11.6960
-1.6971
0.0000
0.0000
0.0000
0.0000
0.0000
-7.0993
-13.5760
-17.7580
-21.0600
-23.8500
-26.2910
-28.4730
-30.4530
-32.2660
-33.9410
-35.4960
-36.9480
-38.3060
-39.5820
-40.7820
-41.9140
-42.9830
-43.9930
-44.9480
-45.8520
-46.7080
-47.5180
-48.2840
-49.0090
-49.6950
-50.3430
-50.9540
-51.5300
-52.0720
-52.5810
-53.0580
-53.5040
-53.9200
-54.3060
-54.6630
-54.9910
-55.2910
-55.5640
-55.8100
-56.0290
-56.2210
-56.3870
-56.5280
-56.6420
-56.7310
-56.7940
-56.8320
-56.8450
-56.8320
-56.7940
-56.7310
-56.6420
-56.5280
-56.3870
-56.2210
-56.0290
-55.8100
-55.5640
-55.2910
-54.9910
-54.6630
-54.3060
-53.9200
-53.5040
-53.0580
-52.5810
-52.0720
-51.5300
-50.9540
-50.3430
-49.6950
-49.0090
-48.2840
-47.5180
-46.7080
-45.8520
-44.9480
-43.9930
-42.9830
-41.9140
-40.7820
-39.5820
-38.3060
-36.9480
-35.4960
-33.9410
-32.2660
-30.4530
-28.4730
-26.2910
-23.8500
-21.0600
-17.7580
-13.5760
-7.0993
0.0000
0.0000
0.0000
0.0000
0.0000
-9.7488
-15.1310
-18.9740
-22.0940
-24.7680
-27.1260
-29.2470
-31.1770
-32.9510
-34.5920
-36.1200
-37.5470
-38.8840
-40.1420
-41.3260
-42.4430
-43.4990
-44.4970
-45.4420
-46.3360
-47.1830
-47.9850
-48.7440
-49.4630
-50.1420
-50.7840
-51.3900
-51.9620
-52.4990
-53.0040
-53.4770
-53.9200
-54.3320
-54.7150
-55.0690
-55.3950
-55.6930
-55.9640
-56.2080
-56.4260
-56.6170
-56.7820
-56.9210
-57.0350
-57.1230
-57.1860
-57.2240
-57.2360
-57.2240
-57.1860
-57.1230
-57.0350
-56.9210
-56.7820
-56.6170
-56.4260
-56.2080
-55.9640
-55.6930
-55.3950
-55.0690
-54.7150
-54.3320
-53.9200
-53.4770
-53.0040
-52.4990
-51.9620
-51.3900
-50.7840
-50.1420
-49.4630
-48.7440
-47.9850
-47.1830
-46.3360
-45.4420
-44.4970
-43.4990
-42.4430
-41.3260
-40.1420
-38.8840
-37.5470
-36.1200
-34.5920
-32.9510
-31.1770
-29.2470
-27.1260
-24.7680
-22.0940
-18.9740
-15.1310
-9.7488
0.0000
0.0000
0.0000
0.0000
-0.0000
-11.6960
-16.4540
-20.0440
-23.0200
-25.5970
-27.8850
-29.9520
-31.8400
-33.5790
-35.1910
-36.6930
-38.0990
-39.4180
-40.6590
-41.8280
-42.9330
-43.9760
-44.9640
-45.8990
-46.7850
-47.6240
-48.4180
-49.1710
-49.8830
-50.5570
-51.1940
-51.7950
-52.3620
-52.8950
-53.3970
-53.8670
-54.3060
-54.7150
-55.0960
-55.4470
-55.7710
-56.0670
-56.3360
-56.5780
-56.7940
-56.9840
-57.1480
-57.2870
-57.4000
-57.4870
-57.5500
-57.5870
-57.6000
-57.5870
-57.5500
-57.4870
-57.4000
-57.2870
-57.1480
-56.9840
-56.7940
-56.5780
-56.3360
-56.0670
-55.7710
-55.4470
-55.0960
-54.7150
-54.3060
-53.8670
-53.3970
-52.8950
-52.3620
-51.7950
-51.1940
-50.5570
-49.8830
-49.1710
-48.4180
-47.6240
-46.7850
-45.8990
-44.9640
-43.9760
-42.9330
-41.8280
-40.6590
-39.4180
-38.0990
-36.6930
-35.1910
-33.5790
-31.8400
-29.9520
-27.8850
-25.5970
-23.0200
-20.0440
-16.4540
-11.6960
-0.0000
0.0000
0.0000
0.0000
-6.2354
-13.2540
-17.5950
-20.9910
-23.8500
-26.3450
-28.5740
-30.5940
-32.4440
-34.1530
-35.7390
-37.2190
-38.6060
-39.9080
-41.1340
-42.2900
-43.3830
-44.4160
-45.3940
-46.3210
-47.1980
-48.0300
-48.8180
-49.5650
-50.2710
-50.9400
-51.5720
-52.1690
-52.7320
-53.2620
-53.7590
-54.2260
-54.6630
-55.0690
-55.4470
-55.7970
-56.1180
-56.4130
-56.6800
-56.9210
-57.1360
-57.3240
-57.4870
-57.6250
-57.7370
-57.8250
-57.8870
-57.9240
-57.9370
-57.9240
-57.8870
-57.8250
-57.7370
-57.6250
-57.4870
-57.3240
-57.1360
-56.9210
-56.6800
-56.4130
-56.1180
-55.7970
-55.4470
-55.0690
-54.6630
-54.2260
-53.7590
-53.2620
-52.7320
-52.1690
-51.5720
-50.9400
-50.2710
-49.5650
-48.8180
-48.0300
-47.1980
-46.3210
-45.3940
-44.4160
-43.3830
-42.2900
-41.1340
-39.9080
-38.6060
-37.2190
-35.7390
-34.1530
-32.4440
-30.5940
-28.5740
-26.3450
-23.8500
-20.9910
-17.5950
-13.2540
-6.2354
0.0000
0.0000
0.0000
-8.6533
-14.5490
-18.5900
-21.8320
-24.5930
-27.0200
-29.1970
-31.1770
-32.9950
-34.6760
-36.2390
-37.7000
-39.0690
-40.3560
-41.5690
-42.7140
-43.7960
-44.8200
-45.7890
-46.7080
-47.5780
-48.4030
-49.1850
-49.9260
-50.6280
-51.2920
-51.9200
-52.5130
-53.0720
-53.5990
-54.0930
-54.5570
-54.9910
-55.3950
-55.7710
-56.1180
-56.4380
-56.7310
-56.9970
-57.2360
-57.4500
-57.6370
-57.8000
-57.9370
-58.0480
-58.1350
-58.1970
-58.2340
-58.2460
-58.2340
-58.1970
-58.1350
-58.0480
-57.9370
-57.8000
-57.6370
-57.4500
-57.2360
-56.9970
-56.7310
-56.4380
-56.1180
-55.7710
-55.3950
-54.9910
-54.5570
-54.0930
-53.5990
-53.0720
-52.5130
-51.9200
-51.2920
-50.6280
-49.9260
-49.1850
-48.4030
-47.5780
-46.7080
-45.7890
-44.8200
-43.7960
-42.7140
-41.5690
-40.3560
-39.0690
-37.7000
-36.2390
-34.6760
-32.9950
-31.1770
-29.1970
-27.0200
-24.5930
-21.8320
-18.5900
-14.5490
-8.6533
0.0000
0.0000
0.0000
-10.3920
-15.6460
-19.4610
-22.5780
-25.2570
-27.6260
-29.7590
-31.7040
-33.4930
-35.1500
-36.6930
-38.1370
-39.4910
-40.7650
-41.9660
-43.1000
-44.1720
-45.1880
-46.1490
-47.0610
-47.9250
-48.7440
-49.5210
-50.2570
-50.9540
-51.6140
-52.2380
-52.8270
-53.3830
-53.9070
-54.3990
-54.8600
-55.2910
-55.6930
-56.0670
-56.4130
-56.7310
-57.0220
-57.2870
-57.5250
-57.7370
-57.9240
-58.0850
-58.2220
-58.3330
-58.4190
-58.4810
-58.5180
-58.5300
-58.5180
-58.4810
-58.4190
-58.3330
-58.2220
-58.0850
-57.9240
-57.7370
-57.5250
-57.2870
-57.0220
-56.7310
-56.4130
-56.0670
-55.6930
-55.2910
-54.8600
-54.3990
-53.9070
-53.3830
-52.8270
-52.2380
-51.6140
-50.9540
-50.2570
-49.5210
-48.7440
-47.9250
-47.0610
-46.1490
-45.1880
-44.1720
-43.1000
-41.9660
-40.7650
-39.4910
-38.1370
-36.6930
-35.1500
-33.4930
-31.7040
-29.7590
-27.6260
-25.2570
-22.5780
-19.4610
-15.6460
-10.3920
0.0000
0.0000
0.0000
-11.7580
-16.5840
-20.2230
-23.2380
-25.8490
-28.1680
-30.2630
-32.1770
-33.9410
-35.5780
-37.1030
-38.5310
-39.8720
-41.1340
-42.3240
-43.4490
-44.5130
-45.5210
-46.4760
-47.3810
-48.2390
-49.0530
-49.8250
-50.5570
-51.2500
-51.9060
-52.5270
-53.1130
-53.6660
-54.1860
-54.6760
-55.1350
-55.5640
-55.9640
-56.3360
-56.6800
-56.9970
-57.2870
-57.5500
-57.7870
-57.9990
-58.1850
-58.3450
-58.4810
-58.5910
-58.6770
-58.7390
-58.7760
-58.7880
-58.7760
-58.7390
-58.6770
-58.5910
-58.4810
-58.3450
-58.1850
-57.9990
-57.7870
-57.5500
-57.2870
-56.9970
-56.6800
-56.3360
-55.9640
-55.5640
-55.1350
-54.6760
-54.1860
-53.6660
-53.1130
-52.5270
-51.9060
-51.2500
-50.5570
-49.8250
-49.0530
-48.2390
-47.3810
-46.4760
-45.5210
-44.5130
-43.4490
-42.3240
-41.1340
-39.8720
-38.5310
-37.1030
-35.5780
-33.9410
-32.1770
-30.2630
-28.1680
-25.8490
-23.2380
-20.2230
-16.5840
-11.7580
0.0000
0.0000
-5.0912
-12.8690
-17.3900
-20.8880
-23.8190
-26.3730
-28.6500
-30.7120
-32.5990
-34.3420
-35.9600
-37.4700
-38.8840
-40.2130
-41.4650
-42.6460
-43.7630
-44.8200
-45.8210
-46.7690
-47.6690
-48.5220
-49.3320
-50.0990
-50.8270
-51.5160
-52.1690
-52.7860
-53.3700
-53.9200
-54.4380
-54.9250
-55.3820
-55.8100
-56.2080
-56.5780
-56.9210
-57.2360
-57.5250
-57.7870
-58.0230
-58.2340
-58.4190
-58.5790
-58.7140
-58.8240
-58.9100
-58.9710
-59.0080
-59.0200
-59.0080
-58.9710
-58.9100
-58.8240
-58.7140
-58.5790
-58.4190
-58.2340
-58.0230
-57.7870
-57.5250
-57.2360
-56.9210
-56.5780
-56.2080
-55.8100
-55.3820
-54.9250
-54.4380
-53.9200
-53.3700
-52.7860
-52.1690
-51.5160
-50.8270
-50.0990
-49.3320
-48.5220
-47.6690
-46.7690
-45.8210
-44.8200
-43.7630
-42.6460
-41.4650
-40.2130
-38.8840
-37.4700
-35.9600
-34.3420
-32.5990
-30.7120
-28.6500
-26.3730
-23.8190
-20.8880
-17.3900
-12.8690
-5.0912
0.0000
-7.0993
-13.7870
-18.0800
-21.4660
-24.3280
-26.8330
-29.0740
-31.1080
-32.9730
-34.6960
-36.2990
-37.7950
-39.1980
-40.5170
-41.7590
-42.9330
-44.0420
-45.0920
-46.0870
-47.0300
-47.9250
-48.7740
-49.5790
-50.3430
-51.0670
-51.7530
-52.4030
-53.0180
-53.5990
-54.1460
-54.6630
-55.1480
-55.6030
-56.0290
-56.4260
-56.7940
-57.1360
-57.4500
-57.7370
-57.9990
-58.2340
-58.4440
-58.6280
-58.7880
-58.9220
-59.0320
-59.1180
-59.1780
-59.2150
-59.2270
-59.2150
-59.1780
-59.1180
-59.0320
-58.9220
-58.7880
-58.6280
-58.4440
-58.2340
-57.9990
-57.7370
-57.4500
-57.1360
-56.7940
-56.4260
-56.0290
-55.6030
-55.1480
-54.6630
-54.1460
-53.5990
-53.0180
-52.4030
-51.7530
-51.0670
-50.3430
-49.5790
-48.7740
-47.9250
-47.0300
-46.0870
-45.0920
-44.0420
-42.9330
-41.7590
-40.5170
-39.1980
-37.7950
-36.2990
-34.6960
-32.9730
-31.1080
-29.0740
-26.8330
-24.3280
-21.4660
-18.0800
-13.7870
-7.0993
0.0000
-8.4853
-14.5490
-18.6680
-21.9640
-24.7680
-27.2320
-29.4430
-31.4530
-33.2990
-35.0060
-36.5950
-38.0800
-39.4730
-40.7820
-42.0170
-43.1830
-44.2860
-45.3310
-46.3210
-47.2590
-48.1500
-48.9950
-49.7960
-50.5570
-51.2780
-51.9620
-52.6090
-53.2210
-53.8000
-54.3460
-54.8600
-55.3430
-55.7970
-56.2210
-56.6170
-56.9840
-57.3240
-57.6370
-57.9240
-58.1850
-58.4190
-58.6280
-58.8120
-58.9710
-59.1050
-59.2150
-59.3000
-59.3610
-59.3970
-59.4090
-59.3970
-59.3610
-59.3000
-59.2150
-59.1050
-58.9710
-58.8120
-58.6280
-58.4190
-58.1850
-57.9240
-57.6370
-57.3240
-56.9840
-56.6170
-56.2210
-55.7970
-55.3430
-54.8600
-54.3460
-53.8000
-53.2210
-52.6090
-51.9620
-51.2780
-50.5570
-49.7960
-48.9950
-48.1500
-47.2590
-46.3210
-45.3310
-44.2860
-43.1830
-42.0170
-40.7820
-39.4730
-38.0800
-36.5950
-35.0060
-33.2990
-31.4530
-29.4430
-27.2320
-24.7680
-21.9640
-18.6680
-14.5490
-8.4853
0.0000
-9.5247
-15.1790
-19.1620
-22.3860
-25.1430
-27.5740
-29.7590
-31.7490
-33.5790
-35.2730
-36.8500
-38.3250
-39.7090
-41.0110
-42.2390
-43.4000
-44.4970
-45.5370
-46.5220
-47.4570
-48.3440
-49.1850
-49.9840
-50.7420
-51.4600
-52.1410
-52.7860
-53.3970
-53.9730
-54.5180
-55.0300
-55.5120
-55.9640
-56.3870
-56.7820
-57.1480
-57.4870
-57.8000
-58.0850
-58.3450
-58.5790
-58.7880
-58.9710
-59.1300
-59.2630
-59.3730
-59.4580
-59.5180
-59.5540
-59.5660
-59.5540
-59.5180
-59.4580
-59.3730
-59.2630
-59.1300
-58.9710
-58.7880
-58.5790
-58.3450
-58.0850
-57.8000
-57.4870
-57.1480
-56.7820
-56.3870
-55.9640
-55.5120
-55.0300
-54.5180
-53.9730
-53.3970
-52.7860
-52.1410
-51.4600
-50.7420
-49.9840
-49.1850
-48.3440
-47.4570
-46.5220
-45.5370
-44.4970
-43.4000
-42.2390
-41.0110
-39.7090
-38.3250
-36.8500
-35.2730
-33.5790
-31.7490
-29.7590
-27.5740
-25.1430
-22.3860
-19.1620
-15.1790
-9.5247
0.0000
-10.3230
-15.6920
-19.5710
-22.7370
-25.4560
-27.8600
-30.0240
-31.9970
-33.8140
-35.4960
-37.0640
-38.5310
-39.9080
-41.2040
-42.4260
-43.5820
-44.6750
-45.7100
-46.6920
-47.6240
-48.5070
-49.3460
-50.1420
-50.8980
-51.6140
-52.2930
-52.9360
-53.5450
-54.1200
-54.6630
-55.1740
-55.6550
-56.1060
-56.5280
-56.9210
-57.2870
-57.6250
-57.9370
-58.2220
-58.4810
-58.7140
-58.9220
-59.1050
-59.2630
-59.3970
-59.5060
-59.5910
-59.6510
-59.6870
-59.6990
-59.6870
-59.6510
-59.5910
-59.5060
-59.3970
-59.2630
-59.1050
-58.9220
-58.7140
-58.4810
-58.2220
-57.9370
-57.6250
-57.2870
-56.9210
-56.5280
-56.1060
-55.6550
-55.1740
-54.6630
-54.1200
-53.5450
-52.9360
-52.2930
-51.6140
-50.8980
-50.1420
-49.3460
-48.5070
-47.6240
-46.6920
-45.7100
-44.6750
-43.5820
-42.4260
-41.2040
-39.9080
-38.5310
-37.0640
-35.4960
-33.8140
-31.9970
-30.0240
-27.8600
-25.4560
-22.7370
-19.5710
-15.6920
-10.3230
0.0000
-10.9330
-16.1000
-19.9000
-23.0200
-25.7090
-28.0910
-30.2390
-32.1990
-34.0050
-35.6790
-37.2390
-38.6990
-40.0700
-41.3610
-42.5790
-43.7300
-44.8200
-45.8520
-46.8310
-47.7590
-48.6410
-49.4770
-50.2710
-51.0250
-51.7390
-52.4170
-53.0580
-53.6660
-54.2390
-54.7810
-55.2910
-55.7710
-56.2210
-56.6420
-57.0350
-57.4000
-57.7370
-58.0480
-58.3330
-58.5910
-58.8240
-59.0320
-59.2150
-59.3730
-59.5060
-59.6150
-59.6990
-59.7600
-59.7960
-59.8080
-59.7960
-59.7600
-59.6990
-59.6150
-59.5060
-59.3730
-59.2150
-59.0320
-58.8240
-58.5910
-58.3330
-58.0480
-57.7370
-57.4000
-57.0350
-56.6420
-56.2210
-55.7710
-55.2910
-54.7810
-54.2390
-53.6660
-53.0580
-52.4170
-51.7390
-51.0250
-50.2710
-49.4770
-48.6410
-47.7590
-46.8310
-45.8520
-44.8200
-43.7300
-42.5790
-41.3610
-40.0700
-38.6990
-37.2390
-35.6790
-34.0050
-32.1990
-30.2390
-28.0910
-25.7090
-23.0200
-19.9000
-16.1000
-10.9330
0.0000
-11.3840
-16.4100
-20.1510
-23.2380
-25.9040
-28.2700
-30.4050
-32.3560
-34.1530
-35.8200
-37.3740
-38.8290
-40.1960
-41.4830
-42.6970
-43.8450
-44.9320
-45.9620
-46.9380
-47.8650
-48.7440
-49.5790
-50.3710
-51.1230
-51.8370
-52.5130
-53.1530
-53.7590
-54.3320
-54.8730
-55.3820
-55.8610
-56.3110
-56.7310
-57.1230
-57.4870
-57.8250
-58.1350
-58.4190
-58.6770
-58.9100
-59.1180
-59.3000
-59.4580
-59.5910
-59.6990
-59.7840
-59.8440
-59.8800
-59.8920
-59.8800
-59.8440
-59.7840
-59.6990
-59.5910
-59.4580
-59.3000
-59.1180
-58.9100
-58.6770
-58.4190
-58.1350
-57.8250
-57.4870
-57.1230
-56.7310
-56.3110
-55.8610
-55.3820
-54.8730
-54.3320
-53.7590
-53.1530
-52.5130
-51.8370
-51.1230
-50.3710
-49.5790
-48.7440
-47.8650
-46.9380
-45.9620
-44.9320
-43.8450
-42.6970
-41.4830
-40.1960
-38.8290
-37.3740
-35.8200
-34.1530
-32.3560
-30.4050
-28.2700
-25.9040
-23.2380
-20.1510
-16.4100
-11.3840
0.0000
-11.6960
-16.6280
-20.3290
-23.3920
-26.0430
-28.3970
-30.5230
-32.4670
-34.2580
-35.9200
-37.4700
-38.9210
-40.2850
-41.5690
-42.7810
-43.9270
-45.0120
-46.0400
-47.0150
-47.9400
-48.8180
-49.6520
-50.4430
-51.1940
-51.9060
-52.5810
-53.2210
-53.8260
-54.3990
-54.9390
-55.4470
-55.9260
-56.3740
-56.7940
-57.1860
-57.5500
-57.8870
-58.1970
-58.4810
-58.7390
-58.9710
-59.1780
-59.3610
-59.5180
-59.6510
-59.7600
-59.8440
-59.9040
-59.9400
-59.9520
-59.9400
-59.9040
-59.8440
-59.7600
-59.6510
-59.5180
-59.3610
-59.1780
-58.9710
-58.7390
-58.4810
-58.1970
-57.8870
-57.5500
-57.1860
-56.7940
-56.3740
-55.9260
-55.4470
-54.9390
-54.3990
-53.8260
-53.2210
-52.5810
-51.9060
-51.1940
-50.4430
-49.6520
-48.8180
-47.9400
-47.0150
-46.0400
-45.0120
-43.9270
-42.7810
-41.5690
-40.2850
-38.9210
-37.4700
-35.9200
-34.2580
-32.4670
-30.5230
-28.3970
-26.0430
-23.3920
-20.3290
-16.6280
-11.6960
0.0000
-11.8790
-16.7570
-20.4350
-23.4840
-26.1260
-28.4730
-30.5940
-32.5330
-34.3210
-35.9800
-37.5280
-38.9770
-40.3390
-41.6210
-42.8320
-43.9760
-45.0600
-46.0870
-47.0610
-47.9850
-48.8620
-49.6950
-50.4860
-51.2360
-51.9480
-52.6220
-53.2620
-53.8670
-54.4380
-54.9780
-55.4860
-55.9640
-56.4130
-56.8320
-57.2240
-57.5870
-57.9240
-58.2340
-58.5180
-58.7760
-59.0080
-59.2150
-59.3970
-59.5540
-59.6870
-59.7960
-59.8800
-59.9400
-59.9760
-59.9880
-59.9760
-59.9400
-59.8800
-59.7960
-59.6870
-59.5540
-59.3970
-59.2150
-59.0080
-58.7760
-58.5180
-58.2340
-57.9240
-57.5870
-57.2240
-56.8320
-56.4130
-55.9640
-55.4860
-54.9780
-54.4380
-53.8670
-53.2620
-52.6220
-51.9480
-51.2360
-50.4860
-49.6950
-48.8620
-47.9850
-47.0610
-46.0870
-45.0600
-43.9760
-42.8320
-41.6210
-40.3390
-38.9770
-37.5280
-35.9800
-34.3210
-32.5330
-30.5940
-28.4730
-26.1260
-23.4840
-20.4350
-16.7570
-11.8790
-0.0000
-11.9400
-16.8000
-20.4700
-23.5150
-26.1530
-28.4980
-30.6180
-32.5550
-34.3420
-36.0000
-37.5470
-38.9950
-40.3560
-41.6380
-42.8490
-43.9930
-45.0760
-46.1020
-47.0760
-48.0000
-48.8770
-49.7100
-50.5000
-51.2500
-51.9620
-52.6360
-53.2750
-53.8800
-54.4510
-54.9910
-55.4990
-55.9770
-56.4260
-56.8450
-57.2360
-57.6000
-57.9370
-58.2460
-58.5300
-58.7880
-59.0200
-59.2270
-59.4090
-59.5660
-59.6990
-59.8080
-59.8920
-59.9520
-59.9880
-60.0000
-59.9880
-59.9520
-59.8920
-59.8080
-59.6990
-59.5660
-59.4090
-59.2270
-59.0200
-58.7880
-58.5300
-58.2460
-57.9370
-57.6000
-57.2360
-56.8450
-56.4260
-55.9770
-55.4990
-54.9910
-54.4510
-53.8800
-53.2750
-52.6360
-51.9620
-51.2500
-50.5000
-49.7100
-48.8770
-48.0000
-47.0760
-46.1020
-45.0760
-43.9930
-42.8490
-41.6380
-40.3560
-38.9950
-37.5470
-36.0000
-34.3420
-32.5550
-30.6180
-28.4980
-26.1530
-23.5150
-20.4700
-16.8000
-11.9400
0.0000
-11.8790
-16.7570
-20.4350
-23.4840
-26.1260
-28.4730
-30.5940
-32.5330
-34.3210
-35.9800
-37.5280
-38.9770
-40.3390
-41.6210
-42.8320
-43.9760
-45.0600
-46.0870
-47.0610
-47.9850
-48.8620
-49.6950
-50.4860
-51.2360
-51.9480
-52.6220
-53.2620
-53.8670
-54.4380
-54.9780
-55.4860
-55.9640
-56.4130
-56.8320
-57.2240
-57.5870
-57.9240
-58.2340
-58.5180
-58.7760
-59.0080
-59.2150
-59.3970
-59.5540
-59.6870
-59.7960
-59.8800
-59.9400
-59.9760
-59.9880
-59.9760
-59.9400
-59.8800
-59.7960
-59.6870
-59.5540
-59.3970
-59.2150
-59.0080
-58.7760
-58.5180
-58.2340
-57.9240
-57.5870
-57.2240
-56.8320
-56.4130
-55.9640
-55.4860
-54.9780
-54.4380
-53.8670
-53.2620
-52.6220
-51.9480
-51.2360
-50.4860
-49.6950
-48.8620
-47.9850
-47.0610
-46.0870
-45.0600
-43.9760
-42.8320
-41.6210
-40.3390
-38.9770
-37.5280
-35.9800
-34.3210
-32.5330
-30.5940
-28.4730
-26.1260
-23.4840
-20.4350
-16.7570
-11.8790
0.0000
-11.6960
-16.6280
-20.3290
-23.3920
-26.0430
-28.3970
-30.5230
-32.4670
-34.2580
-35.9200
-37.4700
-38.9210
-40.2850
-41.5690
-42.7810
-43.9270
-45.0120
-46.0400
-47.0150
-47.9400
-48.8180
-49.6520
-50.4430
-51.1940
-51.9060
-52.5810
-53.2210
-53.8260
-54.3990
-54.9390
-55.4470
-55.9260
-56.3740
-56.7940
-57.1860
-57.5500
-57.8870
-58.1970
-58.4810
-58.7390
-58.9710
-59.1780
-59.3610
-59.5180
-59.6510
-59.7600
-59.8440
-59.9040
-59.9400
-59.9520
-59.9400
-59.9040
-59.8440
-59.7600
-59.6510
-59.5180
-59.3610
-59.1780
-58.9710
-58.7390
-58.4810
-58.1970
-57.8870
-57.5500
-57.1860
-56.7940
-56.3740
-55.9260
-55.4470
-54.9390
-54.3990
-53.8260
-53.2210
-52.5810
-51.9060
-51.1940
-50.4430
-49.6520
-48.8180
-47.9400
-47.0150
-46.0400
-45.0120
-43.9270
-42.7810
-41.5690
-40.2850
-38.9210
-37.4700
-35.9200
-34.2580
-32.4670
-30.5230
-28.3970
-26.0430
-23.3920
-20.3290
-16.6280
-11.6960
0.0000
-11.3840
-16.4100
-20.1510
-23.2380
-25.9040
-28.2700
-30.4050
-32.3560
-34.1530
-35.8200
-37.3740
-38.8290
-40.1960
-41.4830
-42.6970
-43.8450
-44.9320
-45.9620
-46.9380
-47.8650
-48.7440
-49.5790
-50.3710
-51.1230
-51.8370
-52.5130
-53.1530
-53.7590
-54.3320
-54.8730
-55.3820
-55.8610
-56.3110
-56.7310
-57.1230
-57.4870
-57.8250
-58.1350
-58.4190
-58.6770
-58.9100
-59.1180
-59.3000
-59.4580
-59.5910
-59.6990
-59.7840
-59.8440
-59.8800
-59.8920
-59.8800
-59.8440
-59.7840
-59.6990
-59.5910
-59.4580
-59.3000
-59.1180
-58.9100
-58.6770
-58.4190
-58.1350
-57.8250
-57.4870
-57.1230
-56.7310
-56.3110
-55.8610
-55.3820
-54.8730
-54.3320
-53.7590
-53.1530
-52.5130
-51.8370
-51.1230
-50.3710
-49.5790
-48.7440
-47.8650
-46.9380
-45.9620
-44.9320
-43.8450
-42.6970
-41.4830
-40.1960
-38.8290
-37.3740
-35.8200
-34.1530
-32.3560
-30.4050
-28.2700
-25.9040
-23.2380
-20.1510
-16.4100
-11.3840
0.0000
-10.9330
-16.1000
-19.9000
-23.0200
-25.7090
-28.0910
-30.2390
-32.1990
-34.0050
-35.6790
-37.2390
-38.6990
-40.0700
-41.3610
-42.5790
-43.7300
-44.8200
-45.8520
-46.8310
-47.7590
-48.6410
-49.4770
-50.2710
-51.0250
-51.7390
-52.4170
-53.0580
-53.6660
-54.2390
-54.7810
-55.2910
-55.7710
-56.2210
-56.6420
-57.0350
-57.4000
-57.7370
-58.0480
-58.3330
-58.5910
-58.8240
-59.0320
-59.2150
-59.3730
-59.5060
-59.6150
-59.6990
-59.7600
-59.7960
-59.8080
-59.7960
-59.7600
-59.6990
-59.6150
-59.5060
-59.3730
-59.2150
-59.0320
-58.8240
-58.5910
-58.3330
-58.0480
-57.7370
-57.4000
-57.0350
-56.6420
-56.2210
-55.7710
-55.2910
-54.7810
-54.2390
-53.6660
-53.0580
-52.4170
-51.7390
-51.0250
-50.2710
-49.4770
-48.6410
-47.7590
-46.8310
-45.8520
-44.8200
-43.7300
-42.5790
-41.3610
-40.0700
-38.6990
-37.2390
-35.6790
-34.0050
-32.1990
-30.2390
-28.0910
-25.7090
-23.0200
-19.9000
-16.1000
-10.9330
0.0000
-10.3230
-15.6920
-19.5710
-22.7370
-25.4560
-27.8600
-30.0240
-31.9970
-33.8140
-35.4960
-37.0640
-38.5310
-39.9080
-41.2040
-42.4260
-43.5820
-44.6750
-45.7100
-46.6920
-47.6240
-48.5070
-49.3460
-50.1420
-50.8980
-51.6140
-52.2930
-52.9360
-53.5450
-54.1200
-54.6630
-55.1740
-55.6550
-56.1060
-56.5280
-56.9210
-57.2870
-57.6250
-57.9370
-58.2220
-58.4810
-58.7140
-58.9220
-59.1050
-59.2630
-59.3970
-59.5060
-59.5910
-59.6510
-59.6870
-59.6990
-59.6870
-59.6510
-59.5910
-59.5060
-59.3970
-59.2630
-59.1050
-58.9220
-58.7140
-58.4810
-58.2220
-57.9370
-57.6250
-57.2870
-56.9210
-56.5280
-56.1060
-55.6550
-55.1740
-54.6630
-54.1200
-53.5450
-52.9360
-52.2930
-51.6140
-50.8980
-50.1420
-49.3460
-48.5070
-47.6240
-46.6920
-45.7100
-44.6750
-43.5820
-42.4260
-41.2040
-39.9080
-38.5310
-37.0640
-35.4960
-33.8140
-31.9970
-30.0240
-27.8600
-25.4560
-22.7370
-19.5710
-15.6920
-10.3230
0.0000
-9.5247
-15.1790
-19.1620
-22.3860
-25.1430
-27.5740
-29.7590
-31.7490
-33.5790
-35.2730
-36.8500
-38.3250
-39.7090
-41.0110
-42.2390
-43.4000
-44.4970
-45.5370
-46.5220
-47.4570
-48.3440
-49.1850
-49.9840
-50.7420
-51.4600
-52.1410
-52.7860
-53.3970
-53.9730
-54.5180
-55.0300
-55.5120
-55.9640
-56.3870
-56.7820
-57.1480
-57.4870
-57.8000
-58.0850
-58.3450
-58.5790
-58.7880
-58.9710
-59.1300
-59.2630
-59.3730
-59.4580
-59.5180
-59.5540
-59.5660
-59.5540
-59.5180
-59.4580
-59.3730
-59.2630
-59.1300
-58.9710
-58.7880
-58.5790
-58.3450
-58.0850
-57.8000
-57.4870
-57.1480
-56.7820
-56.3870
-55.9640
-55.5120
-55.0300
-54.5180
-53.9730
-53.3970
-52.7860
-52.1410
-51.4600
-50.7420
-49.9840
-49.1850
-48.3440
-47.4570
-46.5220
-45.5370
-44.4970
-43.4000
-42.2390
-41.0110
-39.7090
-38.3250
-36.8500
-35.2730
-33.5790
-31.7490
-29.7590
-27.5740
-25.1430
-22.3860
-19.1620
-15.1790
-9.5247
0.0000
-8.4853
-14.5490
-18.6680
-21.9640
-24.7680
-27.2320
-29.4430
-31.4530
-33.2990
-35.0060
-36.5950
-38.0800
-39.4730
-40.7820
-42.0170
-43.1830
-44.2860
-45.3310
-46.3210
-47.2590
-48.1500
-48.9950
-49.7960
-50.5570
-51.2780
-51.9620
-52.6090
-53.2210
-53.8000
-54.3460
-54.8600
-55.3430
-55.7970
-56.2210
-56.6170
-56.9840
-57.3240
-57.6370
-57.9240
-58.1850
-58.4190
-58.6280
-58.8120
-58.9710
-59.1050
-59.2150
-59.3000
-59.3610
-59.3970
-59.4090
-59.3970
-59.3610
-59.3000
-59.2150
-59.1050
-58.9710
-58.8120
-58.6280
-58.4190
-58.1850
-57.9240
-57.6370
-57.3240
-56.9840
-56.6170
-56.2210
-55.7970
-55.3430
-54.8600
-54.3460
-53.8000
-53.2210
-52.6090
-51.9620
-51.2780
-50.5570
-49.7960
-48.9950
-48.1500
-47.2590
-46.3210
-45.3310
-44.2860
-43.1830
-42.0170
-40.7820
-39.4730
-38.0800
-36.5950
-35.0060
-33.2990
-31.4530
-29.4430
-27.2320
-24.7680
-21.9640
-18.6680
-14.5490
-8.4853
0.0000
-7.0993
-13.7870
-18.0800
-21.4660
-24.3280
-26.8330
-29.0740
-31.1080
-32.9730
-34.6960
-36.2990
-37.7950
-39.1980
-40.5170
-41.7590
-42.9330
-44.0420
-45.0920
-46.0870
-47.0300
-47.9250
-48.7740
-49.5790
-50.3430
-51.0670
-51.7530
-52.4030
-53.0180
-53.5990
-54.1460
-54.6630
-55.1480
-55.6030
-56.0290
-56.4260
-56.7940
-57.1360
-57.4500
-57.7370
-57.9990
-58.2340
-58.4440
-58.6280
-58.7880
-58.9220
-59.0320
-59.1180
-59.1780
-59.2150
-59.2270
-59.2150
-59.1780
-59.1180
-59.0320
-58.9220
-58.7880
-58.6280
-58.4440
-58.2340
-57.9990
-57.7370
-57.4500
-57.1360
-56.7940
-56.4260
-56.0290
-55.6030
-55.1480
-54.6630
-54.1460
-53.5990
-53.0180
-52.4030
-51.7530
-51.0670
-50.3430
-49.5790
-48.7740
-47.9250
-47.0300
-46.0870
-45.0920
-44.0420
-42.9330
-41.7590
-40.5170
-39.1980
-37.7950
-36.2990
-34.6960
-32.9730
-31.1080
-29.0740
-26.8330
-24.3280
-21.4660
-18.0800
-13.7870
-7.0993
0.0000
-5.0912
-12.8690
-17.3900
-20.8880
-23.8190
-26.3730
-28.6500
-30.7120
-32.5990
-34.3420
-35.9600
-37.4700
-38.8840
-40.2130
-41.4650
-42.6460
-43.7630
-44.8200
-45.8210
-46.7690
-47.6690
-48.5220
-49.3320
-50.0990
-50.8270
-51.5160
-52.1690
-52.7860
-53.3700
-53.9200
-54.4380
-54.9250
-55.3820
-55.8100
-56.2080
-56.5780
-56.9210
-57.2360
-57.5250
-57.7870
-58.0230
-58.2340
-58.4190
-58.5790
-58.7140
-58.8240
-58.9100
-58.9710
-59.0080
-59.0200
-59.0080
-58.9710
-58.9100
-58.8240
-58.7140
-58.5790
-58.4190
-58.2340
-58.0230
-57.7870
-57.5250
-57.2360
-56.9210
-56.5780
-56.2080
-55.8100
-55.3820
-54.9250
-54.4380
-53.9200
-53.3700
-52.7860
-52.1690
-51.5160
-50.8270
-50.0990
-49.3320
-48.5220
-47.6690
-46.7690
-45.8210
-44.8200
-43.7630
-42.6460
-41.4650
-40.2130
-38.8840
-37.4700
-35.9600
-34.3420
-32.5990
-30.7120
-28.6500
-26.3730
-23.8190
-20.8880
-17.3900
-12.8690
-5.0912
0.0000
0.0000
-11.7580
-16.5840
-20.2230
-23.2380
-25.8490
-28.1680
-30.2630
-32.1770
-33.9410
-35.5780
-37.1030
-38.5310
-39.8720
-41.1340
-42.3240
-43.4490
-44.5130
-45.5210
-46.4760
-47.3810
-48.2390
-49.0530
-49.8250
-50.5570
-51.2500
-51.9060
-52.5270
-53.1130
-53.6660
-54.1860
-54.6760
-55.1350
-55.5640
-55.9640
-56.3360
-56.6800
-56.9970
-57.2870
-57.5500
-57.7870
-57.9990
-58.1850
-58.3450
-58.4810
-58.5910
-58.6770
-58.7390
-58.7760
-58.7880
-58.7760
-58.7390
-58.6770
-58.5910
-58.4810
-58.3450
-58.1850
-57.9990
-57.7870
-57.5500
-57.2870
-56.9970
-56.6800
-56.3360
-55.9640
-55.5640
-55.1350
-54.6760
-54.1860
-53.6660
-53.1130
-52.5270
-51.9060
-51.2500
-50.5570
-49.8250
-49.0530
-48.2390
-47.3810
-46.4760
-45.5210
-44.5130
-43.4490
-42.3240
-41.1340
-39.8720
-38.5310
-37.1030
-35.5780
-33.9410
-32.1770
-30.2630
-28.1680
-25.8490
-23.2380
-20.2230
-16.5840
-11.7580
0.0000
0.0000
0.0000
-10.3920
-15.6460
-19.4610
-22.5780
-25.2570
-27.6260
-29.7590
-31.7040
-33.4930
-35.1500
-36.6930
-38.1370
-39.4910
-40.7650
-41.9660
-43.1000
-44.1720
-45.1880
-46.1490
-47.0610
-47.9250
-48.7440
-49.5210
-50.2570
-50.9540
-51.6140
-52.2380
-52.8270
-53.3830
-53.9070
-54.3990
-54.8600
-55.2910
-55.6930
-56.0670
-56.4130
-56.7310
-57.0220
-57.2870
-57.5250
-57.7370
-57.9240
-58.0850
-58.2220
-58.3330
-58.4190
-58.4810
-58.5180
-58.5300
-58.5180
-58.4810
-58.4190
-58.3330
-58.2220
-58.0850
-57.9240
-57.7370
-57.5250
-57.2870
-57.0220
-56.7310
-56.4130
-56.0670
-55.6930
-55.2910
-54.8600
-54.3990
-53.9070
-53.3830
-52.8270
-52.2380
-51.6140
-50.9540
-50.2570
-49.5210
-48.7440
-47.9250
-47.0610
-46.1490
-45.1880
-44.1720
-43.1000
-41.9660
-40.7650
-39.4910
-38.1370
-36.6930
-35.1500
-33.4930
-31.7040
-29.7590
-27.6260
-25.2570
-22.5780
-19.4610
-15.6460
-10.3920
0.0000
0.0000
0.0000
-8.6533
-14.5490
-18.5900
-21.8320
-24.5930
-27.0200
-29.1970
-31.1770
-32.9950
-34.6760
-36.2390
-37.7000
-39.0690
-40.3560
-41.5690
-42.7140
-43.7960
-44.8200
-45.7890
-46.7080
-47.5780
-48.4030
-49.1850
-49.9260
-50.6280
-51.2920
-51.9200
-52.5130
-53.0720
-53.5990
-54.0930
-54.5570
-54.9910
-55.3950
-55.7710
-56.1180
-56.4380
-56.7310
-56.9970
-57.2360
-57.4500
-57.6370
-57.8000
-57.9370
-58.0480
-58.1350
-58.1970
-58.2340
-58.2460
-58.2340
-58.1970
-58.1350
-58.0480
-57.9370
-57.8000
-57.6370
-57.4500
-57.2360
-56.9970
-56.7310
-56.4380
-56.1180
-55.7710
-55.3950
-54.9910
-54.5570
-54.0930
-53.5990
-53.0720
-52.5130
-51.9200
-51.2920
-50.6280
-49.9260
-49.1850
-48.4030
-47.5780
-46.7080
-45.7890
-44.8200
-43.7960
-42.7140
-41.5690
-40.3560
-39.0690
-37.7000
-36.2390
-34.6760
-32.9950
-31.1770
-29.1970
-27.0200
-24.5930
-21.8320
-18.5900
-14.5490
-8.6533
0.0000
0.0000
0.0000
-6.2354
-13.2540
-17.5950
-20.9910
-23.8500
-26.3450
-28.5740
-30.5940
-32.4440
-34.1530
-35.7390
-37.2190
-38.6060
-39.9080
-41.1340
-42.2900
-43.3830
-44.4160
-45.3940
-46.3210
-47.1980
-48.0300
-48.8180
-49.5650
-50.2710
-50.9400
-51.5720
-52.1690
-52.7320
-53.2620
-53.7590
-54.2260
-54.6630
-55.0690
-55.4470
-55.7970
-56.1180
-56.4130
-56.6800
-56.9210
-57.1360
-57.3240
-57.4870
-57.6250
-57.7370
-57.8250
-57.8870
-57.9240
-57.9370
-57.9240
-57.8870
-57.8250
-57.7370
-57.6250
-57.4870
-57.3240
-57.1360
-56.9210
-56.6800
-56.4130
-56.1180
-55.7970
-55.4470
-55.0690
-54.6630
-54.2260
-53.7590
-53.2620
-52.7320
-52.1690
-51.5720
-50.9400
-50.2710
-49.5650
-48.8180
-48.0300
-47.1980
-46.3210
-45.3940
-44.4160
-43.3830
-42.2900
-41.1340
-39.9080
-38.6060
-37.2190
-35.7390
-34.1530
-32.4440
-30.5940
-28.5740
-26.3450
-23.8500
-20.9910
-17.5950
-13.2540
-6.2354
0.0000
0.0000
0.0000
-0.0000
-11.6960
-16.4540
-20.0440
-23.0200
-25.5970
-27.8850
-29.9520
-31.8400
-33.5790
-35.1910
-36.6930
-38.0990
-39.4180
-40.6590
-41.8280
-42.9330
-43.9760
-44.9640
-45.8990
-46.7850
-47.6240
-48.4180
-49.1710
-49.8830
-50.5570
-51.1940
-51.7950
-52.3620
-52.8950
-53.3970
-53.8670
-54.3060
-54.7150
-55.0960
-55.4470
-55.7710
-56.0670
-56.3360
-56.5780
-56.7940
-56.9840
-57.1480
-57.2870
-57.4000
-57.4870
-57.5500
-57.5870
-57.6000
-57.5870
-57.5500
-57.4870
-57.4000
-57.2870
-57.1480
-56.9840
-56.7940
-56.5780
-56.3360
-56.0670
-55.7710
-55.4470
-55.0960
-54.7150
-54.3060
-53.8670
-53.3970
-52.8950
-52.3620
-51.7950
-51.1940
-50.5570
-49.8830
-49.1710
-48.4180
-47.6240
-46.7850
-45.8990
-44.9640
-43.9760
-42.9330
-41.8280
-40.6590
-39.4180
-38.0990
-36.6930
-35.1910
-33.5790
-31.8400
-29.9520
-27.8850
-25.5970
-23.0200
-20.0440
-16.4540
-11.6960
-0.0000
0.0000
0.0000
0.0000
0.0000
-9.7488
-15.1310
-18.9740
-22.0940
-24.7680
-27.1260
-29.2470
-31.1770
-32.9510
-34.5920
-36.1200
-37.5470
-38.8840
-40.1420
-41.3260
-42.4430
-43.4990
-44.4970
-45.4420
-46.3360
-47.1830
-47.9850
-48.7440
-49.4630
-50.1420
-50.7840
-51.3900
-51.9620
-52.4990
-53.0040
-53.4770
-53.9200
-54.3320
-54.7150
-55.0690
-55.3950
-55.6930
-55.9640
-56.2080
-56.4260
-56.6170
-56.7820
-56.9210
-57.0350
-57.1230
-57.1860
-57.2240
-57.2360
-57.2240
-57.1860
-57.1230
-57.0350
-56.9210
-56.7820
-56.6170
-56.4260
-56.2080
-55.9640
-55.6930
-55.3950
-55.0690
-54.7150
-54.3320
-53.9200
-53.4770
-53.0040
-52.4990
-51.9620
-51.3900
-50.7840
-50.1420
-49.4630
-48.7440
-47.9850
-47.1830
-46.3360
-45.4420
-44.4970
-43.4990
-42.4430
-41.3260
-40.1420
-38.8840
-37.5470
-36.1200
-34.5920
-32.9510
-31.1770
-29.2470
-27.1260
-24.7680
-22.0940
-18.9740
-15.1310
-9.7488
0.0000
0.0000
0.0000
0.0000
0.0000
-7.0993
-13.5760
-17.7580
-21.0600
-23.8500
-26.2910
-28.4730
-30.4530
-32.2660
-33.9410
-35.4960
-36.9480
-38.3060
-39.5820
-40.7820
-41.9140
-42.9830
-43.9930
-44.9480
-45.8520
-46.7080
-47.5180
-48.2840
-49.0090
-49.6950
-50.3430
-50.9540
-51.5300
-52.0720
-52.5810
-53.0580
-53.5040
-53.9200
-54.3060
-54.6630
-54.9910
-55.2910
-55.5640
-55.8100
-56.0290
-56.2210
-56.3870
-56.5280
-56.6420
-56.7310
-56.7940
-56.8320
-56.8450
-56.8320
-56.7940
-56.7310
-56.6420
-56.5280
-56.3870
-56.2210
-56.0290
-55.8100
-55.5640
-55.2910
-54.9910
-54.6630
-54.3060
-53.9200
-53.5040
-53.0580
-52.5810
-52.0720
-51.5300
-50.9540
-50.3430
-49.6950
-49.0090
-48.2840
-47.5180
-46.7080
-45.8520
-44.9480
-43.9930
-42.9830
-41.9140
-40.7820
-39.5820
-38.3060
-36.9480
-35.4960
-33.9410
-32.2660
-30.4530
-28.4730
-26.2910
-23.8500
-21.0600
-17.7580
-13.5760
-7.0993
0.0000
0.0000
0.0000
0.0000
0.0000
-1.6971
-11.6960
-16.3660
-19.9000
-22.8320
-25.3710
-27.6260
-29.6620
-31.5210
-33.2340
-34.8210
-36.2990
-37.6810
-38.9770
-40.1960
-41.3430
-42.4260
-43.4490
-44.4160
-45.3310
-46.1960
-47.0150
-47.7900
-48.5220
-49.2150
-49.8690
-50.4860
-51.0670
-51.6140
-52.1280
-52.6090
-53.0580
-53.4770
-53.8670
-54.2260
-54.5570
-54.8600
-55.1350
-55.3820
-55.6030
-55.7970
-55.9640
-56.1060
-56.2210
-56.3110
-56.3740
-56.4130
-56.4260
-56.4130
-56.3740
-56.3110
-56.2210
-56.1060
-55.9640
-55.7970
-55.6030
-55.3820
-55.1350
-54.8600
-54.5570
-54.2260
-53.8670
-53.4770
-53.0580
-52.6090
-52.1280
-51.6140
-51.0670
-50.4860
-49.8690
-49.2150
-48.5220
-47.7900
-47.0150
-46.1960
-45.3310
-44.4160
-43.4490
-42.4260
-41.3430
-40.1960
-38.9770
-37.6810
-36.2990
-34.8210
-33.2340
-31.5210
-29.6620
-27.6260
-25.3710
-22.8320
-19.9000
-16.3660
-11.6960
-1.6971
0.0000
0.0000
0.0000
0.0000
0.0000
0.0000
-9.2952
-14.7460
-18.5900
-21.7000
-24.3570
-26.6980
-28.8000
-30.7120
-32.4670
-34.0890
-35.5980
-37.0060
-38.3250
-39.5640
-40.7290
-41.8280
-42.8650
-43.8450
-44.7710
-45.6470
-46.4760
-47.2590
-48.0000
-48.7000
-49.3610
-49.9840
-50.5710
-51.1230
-51.6420
-52.1280
-52.5810
-53.0040
-53.3970
-53.7590
-54.0930
-54.3990
-54.6760
-54.9250
-55.1480
-55.3430
-55.5120
-55.6550
-55.7710
-55.8610
-55.9260
-55.9640
-55.9770
-55.9640
-55.9260
-55.8610
-55.7710
-55.6550
-55.5120
-55.3430
-55.1480
-54.9250
-54.6760
-54.3990
-54.0930
-53.7590
-53.3970
-53.0040
-52.5810
-52.1280
-51.6420
-51.1230
-50.5710
-49.9840
-49.3610
-48.7000
-48.0000
-47.2590
-46.4760
-45.6470
-44.7710
-43.8450
-42.8650
-41.8280
-40.7290
-39.5640
-38.3250
-37.0060
-35.5980
-34.0890
-32.4670
-30.7120
-28.8000
-26.6980
-24.3570
-21.7000
-18.5900
-14.7460
-9.2952
0.0000
0.0000
0.0000
0.0000
0.0000
0.0000
0.0000
-5.7550
-12.8120
-17.0970
-20.4350
-23.2380
-25.6810
-27.8600
-29.8320
-31.6350
-33.2990
-34.8410
-36.2790
-37.6230
-38.8840
-40.0700
-41.1860
-42.2390
-43.2330
-44.1720
-45.0600
-45.8990
-46.6920
-47.4420
-48.1500
-48.8180
-49.4480
-50.0420
-50.6000
-51.1230
-51.6140
-52.0720
-52.4990
-52.8950
-53.2620
-53.5990
-53.9070
-54.1860
-54.4380
-54.6630
-54.8600
-55.0300
-55.1740
-55.2910
-55.3820
-55.4470
-55.4860
-55.4990
-55.4860
-55.4470
-55.3820
-55.2910
-55.1740
-55.0300
-54.8600
-54.6630
-54.4380
-54.1860
-53.9070
-53.5990
-53.2620
-52.8950
-52.4990
-52.0720
-51.6140
-51.1230
-50.6000
-50.0420
-49.4480
-48.8180
-48.1500
-47.4420
-46.6920
-45.8990
-45.0600
-44.1720
-43.2330
-42.2390
-41.1860
-40.0700
-38.8840
-37.6230
-36.2790
-34.8410
-33.2990
-31.6350
-29.8320
-27.8600
-25.6810
-23.2380
-20.4350
-17.0970
-12.8120
-5.7550
0.0000
0.0000
0.0000
0.0000
0.0000
0.0000
0.0000
0.0000
-10.3920
-15.3670
-19.0120
-21.9960
-24.5630
-26.8330
-28.8750
-30.7350
-32.4440
-34.0260
-35.4960
-36.8690
-38.1550
-39.3630
-40.4990
-41.5690
-42.5790
-43.5320
-44.4320
-45.2830
-46.0870
-46.8460
-47.5630
-48.2390
-48.8770
-49.4770
-50.0420
-50.5710
-51.0670
-51.5300
-51.9620
-52.3620
-52.7320
-53.0720
-53.3830
-53.6660
-53.9200
-54.1460
-54.3460
-54.5180
-54.6630
-54.7810
-54.8730
-54.9390
-54.9780
-54.9910
-54.9780
-54.9390
-54.8730
-54.7810
-54.6630
-54.5180
-54.3460
-54.1460
-53.9200
-53.6660
-53.3830
-53.0720
-52.7320
-52.3620
-51.9620
-51.5300
-51.0670
-50.5710
-50.0420
-49.4770
-48.8770
-48.2390
-47.5630
-46.8460
-46.0870
-45.2830
-44.4320
-43.5320
-42.5790
-41.5690
-40.4990
-39.3630
-38.1550
-36.8690
-35.4960
-34.0260
-32.4440
-30.7350
-28.8750
-26.8330
-24.5630
-21.9960
-19.0120
-15.3670
-10.3920
0.0000
0.0000
0.0000
0.0000
0.0000
0.0000
0.0000
0.0000
0.0000
-6.9971
-13.3090
-17.3900
-20.6110
-23.3310
-25.7090
-27.8340
-29.7590
-31.5210
-33.1470
-34.6550
-36.0600
-37.3740
-38.6060
-39.7630
-40.8530
-41.8800
-42.8490
-43.7630
-44.6260
-45.4420
-46.2120
-46.9380
-47.6240
-48.2690
-48.8770
-49.4480
-49.9840
-50.4860
-50.9540
-51.3900
-51.7950
-52.1690
-52.5130
-52.8270
-53.1130
-53.3700
-53.5990
-53.8000
-53.9730
-54.1200
-54.2390
-54.3320
-54.3990
-54.4380
-54.4510
-54.4380
-54.3990
-54.3320
-54.2390
-54.1200
-53.9730
-53.8000
-53.5990
-53.3700
-53.1130
-52.8270
-52.5130
-52.1690
-51.7950
-51.3900
-50.9540
-50.4860
-49.9840
-49.4480
-48.8770
-48.2690
-47.6240
-46.9380
-46.2120
-45.4420
-44.6260
-43.7630
-42.8490
-41.8800
-40.8530
-39.7630
-38.6060
-37.3740
-36.0600
-34.6550
-33.1470
-31.5210
-29.7590
-27.8340
-25.7090
-23.3310
-20.6110
-17.3900
-13.3090
-6.9971
0.0000
0.0000
0.0000
0.0000
0.0000
0.0000
0.0000
0.0000
0.0000
0.0000
-10.7330
-15.5070
-19.0490
-21.9640
-24.4750
-26.6980
-28.7000
-30.5230
-32.1990
-33.7500
-35.1910
-36.5360
-37.7950
-38.9770
-40.0880
-41.1340
-42.1200
-43.0500
-43.9270
-44.7550
-45.5370
-46.2740
-46.9690
-47.6240
-48.2390
-48.8180
-49.3610
-49.8690
-50.3430
-50.7840
-51.1940
-51.5720
-51.9200
-52.2380
-52.5270
-52.7860
-53.0180
-53.2210
-53.3970
-53.5450
-53.6660
-53.7590
-53.8260
-53.8670
-53.8800
-53.8670
-53.8260
-53.7590
-53.6660
-53.5450
-53.3970
-53.2210
-53.0180
-52.7860
-52.5270
-52.2380
-51.9200
-51.5720
-51.1940
-50.7840
-50.3430
-49.8690
-49.3610
-48.8180
-48.2390
-47.6240
-46.9690
-46.2740
-45.5370
-44.7550
-43.9270
-43.0500
-42.1200
-41.1340
-40.0880
-38.9770
-37.7950
-36.5360
-35.1910
-33.7500
-32.1990
-30.5230
-28.7000
-26.6980
-24.4750
-21.9640
-19.0490
-15.5070
-10.7330
0.0000
0.0000
0.0000
0.0000
0.0000
0.0000
0.0000
0.0000
0.0000
0.0000
0.0000
-7.0993
-13.2540
-17.2650
-20.4350
-23.1140
-25.4560
-27.5480
-29.4430
-31.1770
-32.7760
-34.2580
-35.6380
-36.9280
-38.1370
-39.2710
-40.3390
-41.3430
-42.2900
-43.1830
-44.0250
-44.8200
-45.5680
-46.2740
-46.9380
-47.5630
-48.1500
-48.7000
-49.2150
-49.6950
-50.1420
-50.5570
-50.9400
-51.2920
-51.6140
-51.9060
-52.1690
-52.4030
-52.6090
-52.7860
-52.9360
-53.0580
-53.1530
-53.2210
-53.2620
-53.2750
-53.2620
-53.2210
-53.1530
-53.0580
-52.9360
-52.7860
-52.6090
-52.4030
-52.1690
-51.9060
-51.6140
-51.2920
-50.9400
-50.5570
-50.1420
-49.6950
-49.2150
-48.7000
-48.1500
-47.5630
-46.9380
-46.2740
-45.5680
-44.8200
-44.0250
-43.1830
-42.2900
-41.3430
-40.3390
-39.2710
-38.1370
-36.9280
-35.6380
-34.2580
-32.7760
-31.1770
-29.4430
-27.5480
-25.4560
-23.1140
-20.4350
-17.2650
-13.2540
-7.0993
0.0000
0.0000
0.0000
0.0000
0.0000
0.0000
0.0000
0.0000
0.0000
0.0000
0.0000
0.0000
-10.3920
-15.1790
-18.7060
-21.6000
-24.0900
-26.2910
-28.2700
-30.0720
-31.7260
-33.2550
-34.6760
-36.0000
-37.2390
-38.4000
-39.4910
-40.5170
-41.4830
-42.3920
-43.2500
-44.0580
-44.8200
-45.5370
-46.2120
-46.8460
-47.4420
-48.0000
-48.5220
-49.0090
-49.4630
-49.8830
-50.2710
-50.6280
-50.9540
-51.2500
-51.5160
-51.7530
-51.9620
-52.1410
-52.2930
-52.4170
-52.5130
-52.5810
-52.6220
-52.6360
-52.6220
-52.5810
-52.5130
-52.4170
-52.2930
-52.1410
-51.9620
-51.7530
-51.5160
-51.2500
-50.9540
-50.6280
-50.2710
-49.8830
-49.4630
-49.0090
-48.5220
-48.0000
-47.4420
-46.8460
-46.2120
-45.5370
-44.8200
-44.0580
-43.2500
-42.3920
-41.4830
-40.5170
-39.4910
-38.4000
-37.2390
-36.0000
-34.6760
-33.2550
-31.7260
-30.0720
-28.2700
-26.2910
-24.0900
-21.6000
-18.7060
-15.1790
-10.3920
0.0000
0.0000
0.0000
0.0000
0.0000
0.0000
0.0000
0.0000
0.0000
0.0000
0.0000
0.0000
0.0000
-6.1188
-12.6430
-16.7140
-19.9000
-22.5780
-24.9130
-26.9930
-28.8750
-30.5940
-32.1770
-33.6430
-35.0060
-36.2790
-37.4700
-38.5870
-39.6360
-40.6230
-41.5520
-42.4260
-43.2500
-44.0250
-44.7550
-45.4420
-46.0870
-46.6920
-47.2590
-47.7900
-48.2840
-48.7440
-49.1710
-49.5650
-49.9260
-50.2570
-50.5570
-50.8270
-51.0670
-51.2780
-51.4600
-51.6140
-51.7390
-51.8370
-51.9060
-51.9480
-51.9620
-51.9480
-51.9060
-51.8370
-51.7390
-51.6140
-51.4600
-51.2780
-51.0670
-50.8270
-50.5570
-50.2570
-49.9260
-49.5650
-49.1710
-48.7440
-48.2840
-47.7900
-47.2590
-46.6920
-46.0870
-45.4420
-44.7550
-44.0250
-43.2500
-42.4260
-41.5520
-40.6230
-39.6360
-38.5870
-37.4700
-36.2790
-35.0060
-33.6430
-32.1770
-30.5940
-28.8750
-26.9930
-24.9130
-22.5780
-19.9000
-16.7140
-12.6430
-6.1188
0.0000
0.0000
0.0000
0.0000
0.0000
0.0000
0.0000
0.0000
0.0000
0.0000
0.0000
0.0000
0.0000
0.0000
-9.2952
-14.3500
-17.9600
-20.8880
-23.3920
-25.5970
-27.5740
-29.3690
-31.0150
-32.5330
-33.9410
-35.2520
-36.4770
-37.6230
-38.6990
-39.7090
-40.6590
-41.5520
-42.3920
-43.1830
-43.9270
-44.6260
-45.2830
-45.8990
-46.4760
-47.0150
-47.5180
-47.9850
-48.4180
-48.8180
-49.1850
-49.5210
-49.8250
-50.0990
-50.3430
-50.5570
-50.7420
-50.8980
-51.0250
-51.1230
-51.1940
-51.2360
-51.2500
-51.2360
-51.1940
-51.1230
-51.0250
-50.8980
-50.7420
-50.5570
-50.3430
-50.0990
-49.8250
-49.5210
-49.1850
-48.8180
-48.4180
-47.9850
-47.5180
-47.0150
-46.4760
-45.8990
-45.2830
-44.6260
-43.9270
-43.1830
-42.3920
-41.5520
-40.6590
-39.7090
-38.6990
-37.6230
-36.4770
-35.2520
-33.9410
-32.5330
-31.0150
-29.3690
-27.5740
-25.5970
-23.3920
-20.8880
-17.9600
-14.3500
-9.2952
0.0000
0.0000
0.0000
0.0000
0.0000
0.0000
0.0000
0.0000
0.0000
0.0000
0.0000
0.0000
0.0000
0.0000
0.0000
-3.1749
-11.3840
-15.6920
-18.9740
-21.7000
-24.0600
-26.1530
-28.0400
-29.7590
-31.3380
-32.7980
-34.1530
-35.4150
-36.5950
-37.7000
-38.7360
-39.7090
-40.6230
-41.4830
-42.2900
-43.0500
-43.7630
-44.4320
-45.0600
-45.6470
-46.1960
-46.7080
-47.1830
-47.6240
-48.0300
-48.4030
-48.7440
-49.0530
-49.3320
-49.5790
-49.7960
-49.9840
-50.1420
-50.2710
-50.3710
-50.4430
-50.4860
-50.5000
-50.4860
-50.4430
-50.3710
-50.2710
-50.1420
-49.9840
-49.7960
-49.5790
-49.3320
-49.0530
-48.7440
-48.4030
-48.0300
-47.6240
-47.1830
-46.7080
-46.1960
-45.6470
-45.0600
-44.4320
-43.7630
-43.0500
-42.2900
-41.4830
-40.6230
-39.7090
-38.7360
-37.7000
-36.5950
-35.4150
-34.1530
-32.7980
-31.3380
-29.7590
-28.0400
-26.1530
-24.0600
-21.7000
-18.9740
-15.6920
-11.3840
-3.1749
0.0000
0.0000
0.0000
0.0000
0.0000
0.0000
0.0000
0.0000
0.0000
0.0000
0.0000
0.0000
0.0000
0.0000
0.0000
0.0000
-7.0993
-12.9240
-16.7570
-19.7910
-22.3540
-24.5930
-26.5900
-28.3970
-30.0480
-31.5670
-32.9730
-34.2790
-35.4960
-36.6340
-37.7000
-38.6990
-39.6360
-40.5170
-41.3430
-42.1200
-42.8490
-43.5320
-44.1720
-44.7710
-45.3310
-45.8520
-46.3360
-46.7850
-47.1980
-47.5780
-47.9250
-48.2390
-48.5220
-48.7740
-48.9950
-49.1850
-49.3460
-49.4770
-49.5790
-49.6520
-49.6950
-49.7100
-49.6950
-49.6520
-49.5790
-49.4770
-49.3460
-49.1850
-48.9950
-48.7740
-48.5220
-48.2390
-47.9250
-47.5780
-47.1980
-46.7850
-46.3360
-45.8520
-45.3310
-44.7710
-44.1720
-43.5320
-42.8490
-42.1200
-41.3430
-40.5170
-39.6360
-38.6990
-37.7000
-36.6340
-35.4960
-34.2790
-32.9730
-31.5670
-30.0480
-28.3970
-26.5900
-24.5930
-22.3540
-19.7910
-16.7570
-12.9240
-7.0993
0.0000
0.0000
0.0000
0.0000
0.0000
0.0000
0.0000
0.0000
0.0000
0.0000
0.0000
0.0000
0.0000
0.0000
0.0000
0.0000
0.0000
0.0000
-9.2174
-14.0970
-17.5950
-20.4350
-22.8630
-24.9990
-26.9130
-28.6500
-30.2390
-31.7040
-33.0600
-34.3210
-35.4960
-36.5950
-37.6230
-38.5870
-39.4910
-40.3390
-41.1340
-41.8800
-42.5790
-43.2330
-43.8450
-44.4160
-44.9480
-45.4420
-45.8990
-46.3210
-46.7080
-47.0610
-47.3810
-47.6690
-47.9250
-48.1500
-48.3440
-48.5070
-48.6410
-48.7440
-48.8180
-48.8620
-48.8770
-48.8620
-48.8180
-48.7440
-48.6410
-48.5070
-48.3440
-48.1500
-47.9250
-47.6690
-47.3810
-47.0610
-46.7080
-46.3210
-45.8990
-45.4420
-44.9480
-44.4160
-43.8450
-43.2330
-42.5790
-41.8800
-41.1340
-40.3390
-39.4910
-38.5870
-37.6230
-36.5950
-35.4960
-34.3210
-33.0600
-31.7040
-30.2390
-28.6500
-26.9130
-24.9990
-22.8630
-20.4350
-17.5950
-14.0970
-9.2174
0.0000
0.0000
0.0000
0.0000
0.0000
0.0000
0.0000
0.0000
0.0000
0.0000
0.0000
0.0000
0.0000
0.0000
0.0000
0.0000
0.0000
0.0000
0.0000
-0.0000
-10.6660
-14.9880
-18.2380
-20.9230
-23.2380
-25.2860
-27.1260
-28.8000
-30.3340
-31.7490
-33.0600
-34.2790
-35.4150
-36.4770
-37.4700
-38.4000
-39.2710
-40.0880
-40.8530
-41.5690
-42.2390
-42.8650
-43.4490
-43.9930
-44.4970
-44.9640
-45.3940
-45.7890
-46.1490
-46.4760
-46.7690
-47.0300
-47.2590
-47.4570
-47.6240
-47.7590
-47.8650
-47.9400
-47.9850
-48.0000
-47.9850
-47.9400
-47.8650
-47.7590
-47.6240
-47.4570
-47.2590
-47.0300
-46.7690
-46.4760
-46.1490
-45.7890
-45.3940
-44.9640
-44.4970
-43.9930
-43.4490
-42.8650
-42.2390
-41.5690
-40.8530
-40.0880
-39.2710
-38.4000
-37.4700
-36.4770
-35.4150
-34.2790
-33.0600
-31.7490
-30.3340
-28.8000
-27.1260
-25.2860
-23.2380
-20.9230
-18.2380
-14.9880
-10.6660
-0.0000
0.0000
0.0000
0.0000
0.0000
0.0000
0.0000
0.0000
0.0000
0.0000
0.0000
0.0000
0.0000
0.0000
0.0000
0.0000
0.0000
0.0000
0.0000
0.0000
0.0000
-5.0912
-11.6960
-15.6460
-18.7060
-21.2640
-23.4840
-25.4560
-27.2320
-28.8500
-30.3340
-31.7040
-32.9730
-34.1530
-35.2520
-36.2790
-37.2390
-38.1370
-38.9770
-39.7630
-40.4990
-41.1860
-41.8280
-42.4260
-42.9830
-43.4990
-43.9760
-44.4160
-44.8200
-45.1880
-45.5210
-45.8210
-46.0870
-46.3210
-46.5220
-46.6920
-46.8310
-46.9380
-47.0150
-47.0610
-47.0760
-47.0610
-47.0150
-46.9380
-46.8310
-46.6920
-46.5220
-46.3210
-46.0870
-45.8210
-45.5210
-45.1880
-44.8200
-44.4160
-43.9760
-43.4990
-42.9830
-42.4260
-41.8280
-41.1860
-40.4990
-39.7630
-38.9770
-38.1370
-37.2390
-36.2790
-35.2520
-34.1530
-32.9730
-31.7040
-30.3340
-28.8500
-27.2320
-25.4560
-23.4840
-21.2640
-18.7060
-15.6460
-11.6960
-5.0912
0.0000
0.0000
0.0000
0.0000
0.0000
0.0000
0.0000
0.0000
0.0000
0.0000
0.0000
0.0000
0.0000
0.0000
0.0000
0.0000
0.0000
0.0000
0.0000
0.0000
0.0000
0.0000
-6.7882
-12.4130
-16.1000
-19.0120
-21.4660
-23.6070
-25.5120
-27.2320
-28.8000
-30.2390
-31.5670
-32.7980
-33.9410
-35.0060
-36.0000
-36.9280
-37.7950
-38.6060
-39.3630
-40.0700
-40.7290
-41.3430
-41.9140
-42.4430
-42.9330
-43.3830
-43.7960
-44.1720
-44.5130
-44.8200
-45.0920
-45.3310
-45.5370
-45.7100
-45.8520
-45.9620
-46.0400
-46.0870
-46.1020
-46.0870
-46.0400
-45.9620
-45.8520
-45.7100
-45.5370
-45.3310
-45.0920
-44.8200
-44.5130
-44.1720
-43.7960
-43.3830
-42.9330
-42.4430
-41.9140
-41.3430
-40.7290
-40.0700
-39.3630
-38.6060
-37.7950
-36.9280
-36.0000
-35.0060
-33.9410
-32.7980
-31.5670
-30.2390
-28.8000
-27.2320
-25.5120
-23.6070
-21.4660
-19.0120
-16.1000
-12.4130
-6.7882
0.0000
0.0000
0.0000
0.0000
0.0000
0.0000
0.0000
0.0000
0.0000
0.0000
0.0000
0.0000
0.0000
0.0000
0.0000
0.0000
0.0000
0.0000
0.0000
0.0000
0.0000
0.0000
0.0000
0.0000
-7.7769
-12.8690
-16.3660
-19.1620
-21.5330
-23.6070
-25.4560
-27.1260
-28.6500
-30.0480
-31.3380
-32.5330
-33.6430
-34.6760
-35.6380
-36.5360
-37.3740
-38.1550
-38.8840
-39.5640
-40.1960
-40.7820
-41.3260
-41.8280
-42.2900
-42.7140
-43.1000
-43.4490
-43.7630
-44.0420
-44.2860
-44.4970
-44.6750
-44.8200
-44.9320
-45.0120
-45.0600
-45.0760
-45.0600
-45.0120
-44.9320
-44.8200
-44.6750
-44.4970
-44.2860
-44.0420
-43.7630
-43.4490
-43.1000
-42.7140
-42.2900
-41.8280
-41.3260
-40.7820
-40.1960
-39.5640
-38.8840
-38.1550
-37.3740
-36.5360
-35.6380
-34.6760
-33.6430
-32.5330
-31.3380
-30.0480
-28.6500
-27.1260
-25.4560
-23.6070
-21.5330
-19.1620
-16.3660
-12.8690
-7.7769
0.0000
0.0000
0.0000
0.0000
0.0000
0.0000
0.0000
0.0000
0.0000
0.0000
0.0000
0.0000
0.0000
0.0000
0.0000
0.0000
0.0000
0.0000
0.0000
0.0000
0.0000
0.0000
0.0000
0.0000
0.0000
0.0000
-8.3138
-13.0900
-16.4540
-19.1620
-21.4660
-23.4840
-25.2860
-26.9130
-28.3970
-29.7590
-31.0150
-32.1770
-33.2550
-34.2580
-35.1910
-36.0600
-36.8690
-37.6230
-38.3250
-38.9770
-39.5820
-40.1420
-40.6590
-41.1340
-41.5690
-41.9660
-42.3240
-42.6460
-42.9330
-43.1830
-43.4000
-43.5820
-43.7300
-43.8450
-43.9270
-43.9760
-43.9930
-43.9760
-43.9270
-43.8450
-43.7300
-43.5820
-43.4000
-43.1830
-42.9330
-42.6460
-42.3240
-41.9660
-41.5690
-41.1340
-40.6590
-40.1420
-39.5820
-38.9770
-38.3250
-37.6230
-36.8690
-36.0600
-35.1910
-34.2580
-33.2550
-32.1770
-31.0150
-29.7590
-28.3970
-26.9130
-25.2860
-23.4840
-21.4660
-19.1620
-16.4540
-13.0900
-8.3138
0.0000
0.0000
0.0000
0.0000
0.0000
0.0000
0.0000
0.0000
0.0000
0.0000
0.0000
0.0000
0.0000
0.0000
0.0000
0.0000
0.0000
0.0000
0.0000
0.0000
0.0000
0.0000
0.0000
0.0000
0.0000
0.0000
0.0000
0.0000
-8.4853
-13.0900
-16.3660
-19.0120
-21.2640
-23.2380
-24.9990
-26.5900
-28.0400
-29.3690
-30.5940
-31.7260
-32.7760
-33.7500
-34.6550
-35.4960
-36.2790
-37.0060
-37.6810
-38.3060
-38.8840
-39.4180
-39.9080
-40.3560
-40.7650
-41.1340
-41.4650
-41.7590
-42.0170
-42.2390
-42.4260
-42.5790
-42.6970
-42.7810
-42.8320
-42.8490
-42.8320
-42.7810
-42.6970
-42.5790
-42.4260
-42.2390
-42.0170
-41.7590
-41.4650
-41.1340
-40.7650
-40.3560
-39.9080
-39.4180
-38.8840
-38.3060
-37.6810
-37.0060
-36.2790
-35.4960
-34.6550
-33.7500
-32.7760
-31.7260
-30.5940
-29.3690
-28.0400
-26.5900
-24.9990
-23.2380
-21.2640
-19.0120
-16.3660
-13.0900
-8.4853
0.0000
0.0000
0.0000
0.0000
0.0000
0.0000
0.0000
0.0000
0.0000
0.0000
0.0000
0.0000
0.0000
0.0000
0.0000
0.0000
0.0000
0.0000
0.0000
0.0000
0.0000
0.0000
0.0000
0.0000
0.0000
0.0000
0.0000
0.0000
0.0000
0.0000
-8.3138
-12.8690
-16.1000
-18.7060
-20.9230
-22.8630
-24.5930
-26.1530
-27.5740
-28.8750
-30.0720
-31.1770
-32.1990
-33.1470
-34.0260
-34.8410
-35.5980
-36.2990
-36.9480
-37.5470
-38.0990
-38.6060
-39.0690
-39.4910
-39.8720
-40.2130
-40.5170
-40.7820
-41.0110
-41.2040
-41.3610
-41.4830
-41.5690
-41.6210
-41.6380
-41.6210
-41.5690
-41.4830
-41.3610
-41.2040
-41.0110
-40.7820
-40.5170
-40.2130
-39.8720
-39.4910
-39.0690
-38.6060
-38.0990
-37.5470
-36.9480
-36.2990
-35.5980
-34.8410
-34.0260
-33.1470
-32.1990
-31.1770
-30.0720
-28.8750
-27.5740
-26.1530
-24.5930
-22.8630
-20.9230
-18.7060
-16.1000
-12.8690
-8.3138
0.0000
0.0000
0.0000
0.0000
0.0000
0.0000
0.0000
0.0000
0.0000
0.0000
0.0000
0.0000
0.0000
0.0000
0.0000
0.0000
0.0000
0.0000
0.0000
0.0000
0.0000
0.0000
0.0000
0.0000
0.0000
0.0000
0.0000
0.0000
0.0000
0.0000
0.0000
0.0000
-7.7769
-12.4130
-15.6460
-18.2380
-20.4350
-22.3540
-24.0600
-25.5970
-26.9930
-28.2700
-29.4430
-30.5230
-31.5210
-32.4440
-33.2990
-34.0890
-34.8210
-35.4960
-36.1200
-36.6930
-37.2190
-37.7000
-38.1370
-38.5310
-38.8840
-39.1980
-39.4730
-39.7090
-39.9080
-40.0700
-40.1960
-40.2850
-40.3390
-40.3560
-40.3390
-40.2850
-40.1960
-40.0700
-39.9080
-39.7090
-39.4730
-39.1980
-38.8840
-38.5310
-38.1370
-37.7000
-37.2190
-36.6930
-36.1200
-35.4960
-34.8210
-34.0890
-33.2990
-32.4440
-31.5210
-30.5230
-29.4430
-28.2700
-26.9930
-25.5970
-24.0600
-22.3540
-20.4350
-18.2380
-15.6460
-12.4130
-7.7769
0.0000
0.0000
0.0000
0.0000
0.0000
0.0000
0.0000
0.0000
0.0000
0.0000
0.0000
0.0000
0.0000
0.0000
0.0000
0.0000
0.0000
0.0000
0.0000
0.0000
0.0000
0.0000
0.0000
0.0000
0.0000
0.0000
0.0000
0.0000
0.0000
0.0000
0.0000
0.0000
0.0000
0.0000
-6.7882
-11.6960
-14.9880
-17.5950
-19.7910
-21.7000
-23.3920
-24.9130
-26.2910
-27.5480
-28.7000
-29.7590
-30.7350
-31.6350
-32.4670
-33.2340
-33.9410
-34.5920
-35.1910
-35.7390
-36.2390
-36.6930
-37.1030
-37.4700
-37.7950
-38.0800
-38.3250
-38.5310
-38.6990
-38.8290
-38.9210
-38.9770
-38.9950
-38.9770
-38.9210
-38.8290
-38.6990
-38.5310
-38.3250
-38.0800
-37.7950
-37.4700
-37.1030
-36.6930
-36.2390
-35.7390
-35.1910
-34.5920
-33.9410
-33.2340
-32.4670
-31.6350
-30.7350
-29.7590
-28.7000
-27.5480
-26.2910
-24.9130
-23.3920
-21.7000
-19.7910
-17.5950
-14.9880
-11.6960
-6.7882
0.0000
0.0000
0.0000
0.0000
0.0000
0.0000
0.0000
0.0000
0.0000
0.0000
0.0000
0.0000
0.0000
0.0000
0.0000
0.0000
0.0000
0.0000
0.0000
0.0000
0.0000
0.0000
0.0000
0.0000
0.0000
0.0000
0.0000
0.0000
0.0000
0.0000
0.0000
0.0000
0.0000
0.0000
0.0000
0.0000
-5.0912
-10.6660
-14.0970
-16.7570
-18.9740
-20.8880
-22.5780
-24.0900
-25.4560
-26.6980
-27.8340
-28.8750
-29.8320
-30.7120
-31.5210
-32.2660
-32.9510
-33.5790
-34.1530
-34.6760
-35.1500
-35.5780
-35.9600
-36.2990
-36.5950
-36.8500
-37.0640
-37.2390
-37.3740
-37.4700
-37.5280
-37.5470
-37.5280
-37.4700
-37.3740
-37.2390
-37.0640
-36.8500
-36.5950
-36.2990
-35.9600
-35.5780
-35.1500
-34.6760
-34.1530
-33.5790
-32.9510
-32.2660
-31.5210
-30.7120
-29.8320
-28.8750
-27.8340
-26.6980
-25.4560
-24.0900
-22.5780
-20.8880
-18.9740
-16.7570
-14.0970
-10.6660
-5.0912
0.0000
0.0000
0.0000
0.0000
0.0000
0.0000
0.0000
0.0000
0.0000
0.0000
0.0000
0.0000
0.0000
0.0000
0.0000
0.0000
0.0000
0.0000
0.0000
0.0000
0.0000
0.0000
0.0000
0.0000
0.0000
0.0000
0.0000
0.0000
0.0000
0.0000
0.0000
0.0000
0.0000
0.0000
0.0000
0.0000
0.0000
0.0000
-0.0000
-9.2174
-12.9240
-15.6920
-17.9600
-19.9000
-21.6000
-23.1140
-24.4750
-25.7090
-26.8330
-27.8600
-28.8000
-29.6620
-30.4530
-31.1770
-31.8400
-32.4440
-32.9950
-33.4930
-33.9410
-34.3420
-34.6960
-35.0060
-35.2730
-35.4960
-35.6790
-35.8200
-35.9200
-35.9800
-36.0000
-35.9800
-35.9200
-35.8200
-35.6790
-35.4960
-35.2730
-35.0060
-34.6960
-34.3420
-33.9410
-33.4930
-32.9950
-32.4440
-31.8400
-31.1770
-30.4530
-29.6620
-28.8000
-27.8600
-26.8330
-25.7090
-24.4750
-23.1140
-21.6000
-19.9000
-17.9600
-15.6920
-12.9240
-9.2174
-0.0000
0.0000
0.0000
0.0000
0.0000
0.0000
0.0000
0.0000
0.0000
0.0000
0.0000
0.0000
0.0000
0.0000
0.0000
0.0000
0.0000
0.0000
0.0000
0.0000
0.0000
0.0000
0.0000
0.0000
0.0000
0.0000
0.0000
0.0000
0.0000
0.0000
0.0000
0.0000
0.0000
0.0000
0.0000
0.0000
0.0000
0.0000
0.0000
0.0000
0.0000
0.0000
-7.0993
-11.3840
-14.3500
-16.7140
-18.7060
-20.4350
-21.9640
-23.3310
-24.5630
-25.6810
-26.6980
-27.6260
-28.4730
-29.2470
-29.9520
-30.5940
-31.1770
-31.7040
-32.1770
-32.5990
-32.9730
-33.2990
-33.5790
-33.8140
-34.0050
-34.1530
-34.2580
-34.3210
-34.3420
-34.3210
-34.2580
-34.1530
-34.0050
-33.8140
-33.5790
-33.2990
-32.9730
-32.5990
-32.1770
-31.7040
-31.1770
-30.5940
-29.9520
-29.2470
-28.4730
-27.6260
-26.6980
-25.6810
-24.5630
-23.3310
-21.9640
-20.4350
-18.7060
-16.7140
-14.3500
-11.3840
-7.0993
0.0000
0.0000
0.0000
0.0000
0.0000
0.0000
0.0000
0.0000
0.0000
0.0000
0.0000
0.0000
0.0000
0.0000
0.0000
0.0000
0.0000
0.0000
0.0000
0.0000
0.0000
0.0000
0.0000
0.0000
0.0000
0.0000
0.0000
0.0000
0.0000
0.0000
0.0000
0.0000
0.0000
0.0000
0.0000
0.0000
0.0000
0.0000
0.0000
0.0000
0.0000
0.0000
0.0000
0.0000
-3.1749
-9.2952
-12.6430
-15.1790
-17.2650
-19.0490
-20.6110
-21.9960
-23.2380
-24.3570
-25.3710
-26.2910
-27.1260
-27.8850
-28.5740
-29.1970
-29.7590
-30.2630
-30.7120
-31.1080
-31.4530
-31.7490
-31.9970
-32.1990
-32.3560
-32.4670
-32.5330
-32.5550
-32.5330
-32.4670
-32.3560
-32.1990
-31.9970
-31.7490
-31.4530
-31.1080
-30.7120
-30.2630
-29.7590
-29.1970
-28.5740
-27.8850
-27.1260
-26.2910
-25.3710
-24.3570
-23.2380
-21.9960
-20.6110
-19.0490
-17.2650
-15.1790
-12.6430
-9.2952
-3.1749
0.0000
0.0000
0.0000
0.0000
0.0000
0.0000
0.0000
0.0000
0.0000
0.0000
0.0000
0.0000
0.0000
0.0000
0.0000
0.0000
0.0000
0.0000
0.0000
0.0000
0.0000
0.0000
0.0000
0.0000
0.0000
0.0000
0.0000
0.0000
0.0000
0.0000
0.0000
0.0000
0.0000
0.0000
0.0000
0.0000
0.0000
0.0000
0.0000
0.0000
0.0000
0.0000
0.0000
0.0000
0.0000
0.0000
0.0000
-6.1188
-10.3920
-13.2540
-15.5070
-17.3900
-19.0120
-20.4350
-21.7000
-22.8320
-23.8500
-24.7680
-25.5970
-26.3450
-27.0200
-27.6260
-28.1680
-28.6500
-29.0740
-29.4430
-29.7590
-30.0240
-30.2390
-30.4050
-30.5230
-30.5940
-30.6180
-30.5940
-30.5230
-30.4050
-30.2390
-30.0240
-29.7590
-29.4430
-29.0740
-28.6500
-28.1680
-27.6260
-27.0200
-26.3450
-25.5970
-24.7680
-23.8500
-22.8320
-21.7000
-20.4350
-19.0120
-17.3900
-15.5070
-13.2540
-10.3920
-6.1188
0.0000
0.0000
0.0000
0.0000
0.0000
0.0000
0.0000
0.0000
0.0000
0.0000
0.0000
0.0000
0.0000
0.0000
0.0000
0.0000
0.0000
0.0000
0.0000
0.0000
0.0000
0.0000
0.0000
0.0000
0.0000
0.0000
0.0000
0.0000
0.0000
0.0000
0.0000
0.0000
0.0000
0.0000
0.0000
0.0000
0.0000
0.0000
0.0000
0.0000
0.0000
0.0000
0.0000
0.0000
0.0000
0.0000
0.0000
0.0000
0.0000
0.0000
0.0000
-7.0993
-10.7330
-13.3090
-15.3670
-17.0970
-18.5900
-19.9000
-21.0600
-22.0940
-23.0200
-23.8500
-24.5930
-25.2570
-25.8490
-26.3730
-26.8330
-27.2320
-27.5740
-27.8600
-28.0910
-28.2700
-28.3970
-28.4730
-28.4980
-28.4730
-28.3970
-28.2700
-28.0910
-27.8600
-27.5740
-27.2320
-26.8330
-26.3730
-25.8490
-25.2570
-24.5930
-23.8500
-23.0200
-22.0940
-21.0600
-19.9000
-18.5900
-17.0970
-15.3670
-13.3090
-10.7330
-7.0993
0.0000
0.0000
0.0000
0.0000
0.0000
0.0000
0.0000
0.0000
0.0000
0.0000
0.0000
0.0000
0.0000
0.0000
0.0000
0.0000
0.0000
0.0000
0.0000
0.0000
0.0000
0.0000
0.0000
0.0000
0.0000
0.0000
0.0000
0.0000
0.0000
0.0000
0.0000
0.0000
0.0000
0.0000
0.0000
0.0000
0.0000
0.0000
0.0000
0.0000
0.0000
0.0000
0.0000
0.0000
0.0000
0.0000
0.0000
0.0000
0.0000
0.0000
0.0000
0.0000
0.0000
0.0000
0.0000
-6.9971
-10.3920
-12.8120
-14.7460
-16.3660
-17.7580
-18.9740
-20.0440
-20.9910
-21.8320
-22.5780
-23.2380
-23.8190
-24.3280
-24.7680
-25.1430
-25.4560
-25.7090
-25.9040
-26.0430
-26.1260
-26.1530
-26.1260
-26.0430
-25.9040
-25.7090
-25.4560
-25.1430
-24.7680
-24.3280
-23.8190
-23.2380
-22.5780
-21.8320
-20.9910
-20.0440
-18.9740
-17.7580
-16.3660
-14.7460
-12.8120
-10.3920
-6.9971
0.0000
0.0000
0.0000
0.0000
0.0000
0.0000
0.0000
0.0000
0.0000
0.0000
0.0000
0.0000
0.0000
0.0000
0.0000
0.0000
0.0000
0.0000
0.0000
0.0000
0.0000
0.0000
0.0000
0.0000
0.0000
0.0000
0.0000
0.0000
0.0000
0.0000
0.0000
0.0000
0.0000
0.0000
0.0000
0.0000
0.0000
0.0000
0.0000
0.0000
0.0000
0.0000
0.0000
0.0000
0.0000
0.0000
0.0000
0.0000
0.0000
0.0000
0.0000
0.0000
0.0000
0.0000
0.0000
0.0000
0.0000
0.0000
0.0000
-5.7550
-9.2952
-11.6960
-13.5760
-15.1310
-16.4540
-17.5950
-18.5900
-19.4610
-20.2230
-20.8880
-21.4660
-21.9640
-22.3860
-22.7370
-23.0200
-23.2380
-23.3920
-23.4840
-23.5150
-23.4840
-23.3920
-23.2380
-23.0200
-22.7370
-22.3860
-21.9640
-21.4660
-20.8880
-20.2230
-19.4610
-18.5900
-17.5950
-16.4540
-15.1310
-13.5760
-11.6960
-9.2952
-5.7550
0.0000
0.0000
0.0000
0.0000
0.0000
0.0000
0.0000
0.0000
0.0000
0.0000
0.0000
0.0000
0.0000
0.0000
0.0000
0.0000
0.0000
0.0000
0.0000
0.0000
0.0000
0.0000
0.0000
0.0000
0.0000
0.0000
0.0000
0.0000
0.0000
0.0000
0.0000
0.0000
0.0000
0.0000
0.0000
0.0000
0.0000
0.0000
0.0000
0.0000
0.0000
0.0000
0.0000
0.0000
0.0000
0.0000
0.0000
0.0000
0.0000
0.0000
0.0000
0.0000
0.0000
0.0000
0.0000
0.0000
0.0000
0.0000
0.0000
0.0000
0.0000
0.0000
0.0000
-1.6971
-7.0993
-9.7488
-11.6960
-13.2540
-14.5490
-15.6460
-16.5840
-17.3900
-18.0800
-18.6680
-19.1620
-19.5710
-19.9000
-20.1510
-20.3290
-20.4350
-20.4700
-20.4350
-20.3290
-20.1510
-19.9000
-19.5710
-19.1620
-18.6680
-18.0800
-17.3900
-16.5840
-15.6460
-14.5490
-13.2540
-11.6960
-9.7488
-7.0993
-1.6971
0.0000
0.0000
0.0000
0.0000
0.0000
0.0000
0.0000
0.0000
0.0000
0.0000
0.0000
0.0000
0.0000
0.0000
0.0000
0.0000
0.0000
0.0000
0.0000
0.0000
0.0000
0.0000
0.0000
0.0000
0.0000
0.0000
0.0000
0.0000
0.0000
0.0000
0.0000
0.0000
0.0000
0.0000
0.0000
0.0000
0.0000
0.0000
0.0000
0.0000
0.0000
0.0000
0.0000
0.0000
0.0000
0.0000
0.0000
0.0000
0.0000
0.0000
0.0000
0.0000
0.0000
0.0000
0.0000
0.0000
0.0000
0.0000
0.0000
0.0000
0.0000
0.0000
0.0000
0.0000
0.0000
0.0000
0.0000
0.0000
-0.0000
-6.2354
-8.6533
-10.3920
-11.7580
-12.8690
-13.7870
-14.5490
-15.1790
-15.6920
-16.1000
-16.4100
-16.6280
-16.7570
-16.8000
-16.7570
-16.6280
-16.4100
-16.1000
-15.6920
-15.1790
-14.5490
-13.7870
-12.8690
-11.7580
-10.3920
-8.6533
-6.2354
-0.0000
0.0000
0.0000
0.0000
0.0000
0.0000
0.0000
0.0000
0.0000
0.0000
0.0000
0.0000
0.0000
0.0000
0.0000
0.0000
0.0000
0.0000
0.0000
0.0000
0.0000
0.0000
0.0000
0.0000
0.0000
0.0000
0.0000
0.0000
0.0000
0.0000
0.0000
0.0000
0.0000
0.0000
0.0000
0.0000
0.0000
0.0000
0.0000
0.0000
0.0000
0.0000
0.0000
0.0000
0.0000
0.0000
0.0000
0.0000
0.0000
0.0000
0.0000
0.0000
0.0000
0.0000
0.0000
0.0000
0.0000
0.0000
0.0000
0.0000
0.0000
0.0000
0.0000
0.0000
0.0000
0.0000
0.0000
0.0000
0.0000
0.0000
0.0000
0.0000
0.0000
0.0000
0.0000
0.0000
0.0000
-5.0912
-7.0993
-8.4853
-9.5247
-10.3230
-10.9330
-11.3840
-11.6960
-11.8790
-11.9400
-11.8790
-11.6960
-11.3840
-10.9330
-10.3230
-9.5247
-8.4853
-7.0993
-5.0912
0.0000
0.0000
0.0000
0.0000
0.0000
0.0000
0.0000
0.0000
0.0000
0.0000
0.0000
0.0000
0.0000
0.0000
0.0000
0.0000
0.0000
0.0000
0.0000
0.0000
0.0000
0.0000
0.0000
0.0000
0.0000
0.0000
0.0000
0.0000
0.0000
0.0000
0.0000
0.0000
0.0000
0.0000
0.0000
0.0000
0.0000
0.0000
0.0000
0.0000
0.0000
0.0000
0.0000
0.0000
0.0000
0.0000
0.0000
0.0000
0.0000
0.0000
0.0000
0.0000
0.0000
0.0000
0.0000
0.0000
0.0000
0.0000
0.0000
0.0000
0.0000
0.0000
0.0000
0.0000
0.0000
0.0000
0.0000
0.0000
0.0000
0.0000
0.0000
0.0000
0.0000
0.0000
0.0000
0.0000
0.0000
0.0000
0.0000
0.0000
0.0000
0.0000
0.0000
0.0000
0.0000
0.0000
0.0000
0.0000
0.0000
0.0000
-0.0000
0.0000
0.0000
0.0000
0.0000
0.0000
0.0000
0.0000
0.0000
0.0000
0.0000
0.0000
0.0000
0.0000
0.0000
0.0000
0.0000
0.0000
0.0000
0.0000
0.0000
0.0000
0.0000
0.0000
0.0000
0.0000
0.0000
0.0000
0.0000
0.0000
0.0000
0.0000
0.0000
0.0000
0.0000
0.0000
0.0000
0.0000
0.0000
0.0000
0.0000
0.0000
0.0000
0.0000
0.0000
0.0000
0.0000
0.0000
0.0000
0.0000
